0,0.0267153
0,0.633887
0,0.0764677
0,0.761472
0,0.644591
0,0.395209
0,0.60265
3,3.14351
0,0.0189207
0,0.621537
0,0.0840291
0,0.736889
0,0.681139
0,0.465468
0,0.530091
3,3.14338
0,0.0274748
0,0.613564
0,0.0921103
0,0.766625
0,0.641889
0,0.446052
0,0.548418
3,3.14302
0,0.0174465
0,0.623497
0,0.0836501
0,0.736462
0,0.678541
0,0.478697
0,0.0488642
2,2.67228
0,0.0289269
0,0.611773
0,0.0947282
0,0.776423
0,0.625721
0,0.483442
0,0.0444092
2,2.67194
0,0.0199755
0,0.621304
0,0.0858306
0,0.732384
0,0.682771
0,0.523229
0,0.00287703
2,2.67342
0,0.0180381
0,0.623369
0,0.0909347
0,0.761373
0,0.647272
0,0.480478
0,0.0446936
2,2.67267
0,0.0180944
0,0.62385
0,0.0860522
0,0.732326
0,0.683074
0,0.398062
0,0.125273
2,2.67264
0,0.0209341
0,0.620641
0,0.0841287
0,0.774936
0,0.64239
0,0.401317
0,0.125091
2,2.67277
0,0.0272568
0,0.614197
0,0.0856667
0,0.735889
0,0.678341
0,0.439567
0,0.0846101
2,2.67176
0,0.0270507
0,0.613822
0,0.0942927
0,0.767985
0,0.635251
0,0.398518
0,0.128924
2,2.67199
0,0.031884
0,0.609686
0,0.0895876
0,0.732201
0,0.674509
0,0.397213
0,0.130779
2,2.672
0,0.02113
0,0.618713
0,0.0937002
0,0.770768
0,0.635504
0,0.427617
0,0.0973136
2,2.6719
0,0.0211163
0,0.620718
0,0.0807612
0,0.750099
0,0.671081
0,0.434436
0,0.0916747
2,2.67264
0,0.0212731
0,0.619985
0,0.0935755
0,0.764564
0,0.641403
0,0.354851
0,0.170349
2,2.67243
0,0.0282281
0,0.613782
0,0.0814152
0,0.740789
0,0.679584
0,0.430018
0,0.0950207
2,2.67228
0,0.0204291
0,0.621854
0,0.0837354
0,0.770253
0,0.646295
0,0.385575
0,0.140619
2,2.67269
0,0.0196442
0,0.622084
0,0.0776461
0,0.753489
0,0.669159
0,0.348671
0,0.178888
2,2.6723
0,0.0187994
0,0.62307
0,0.0812536
0,0.777171
0,0.645131
0,0.401533
0,0.121963
2,2.6724
0,0.0176474
0,0.624324
0,0.0766109
0,0.752574
0,0.670956
0,0.419666
0,0.108227
2,2.67274
0,0.0200266
0,0.620394
0,0.0833588
0,0.775438
0,0.643906
0,0.40852
0,0.115348
2,2.67061
0,0.0310927
0,0.609256
0,0.0893733
0,0.741294
0,0.664188
0,0.415109
0,0.114396
2,2.66993
0,0.0187178
0,0.621577
0,0.0796361
0,0.773643
0,0.648482
0,0.415514
0,0.109766
2,2.67081
0,0.0189448
0,0.621543
0,0.0793936
0,0.743537
0,0.677134
0,0.445573
0,0.0809805
2,2.67069
0,0.0329202
0,0.608283
0,0.0864469
0,0.769011
0,0.635414
0,0.480068
0,0.0556768
2,2.67286
0,0.0281582
0,0.613448
0,0.0796843
0,0.74437
0,0.669917
0,0.496794
0,0.0363627
2,2.67197
0,0.017927
0,0.624584
0,0.0827014
0,0.774501
0,0.638251
0,0.486871
0,0.0443827
2,2.67291
0,0.0200496
0,0.622051
0,0.086602
0,0.732671
0,0.674512
0,0.502941
0,0.0292334
2,2.67286
0,0.0274004
0,0.614824
0,0.0959028
0,0.76843
0,0.627093
0,0.435267
0,0.096802
2,2.67248
0,0.018847
0,0.62401
0,0.0850942
0,0.731969
0,0.6701
0,0.381948
0,0.155994
2,2.67289
0,0.0196754
0,0.622382
0,0.0911896
0,0.75832
0,0.637836
0,0.456605
0,0.0805919
2,2.67283
0,0.0340791
0,0.604929
0,0.112133
0,0.743425
0,0.632035
0,0.428167
0,0.109374
2,2.66911
0,0.0171021
0,0.625107
0,0.0817856
0,0.776987
0,0.630624
0,0.389259
0,0.14758
2,2.67247
0,0.0189432
0,0.623991
0,0.0777251
0,0.745249
0,0.667056
0,0.426711
0,0.110261
2,2.67275
0,0.0215587
0,0.620616
0,0.0863586
0,0.777786
0,0.627896
0,0.441387
0,0.0921044
2,2.67207
0,0.0188848
0,0.623752
0,0.0769227
0,0.743449
0,0.66984
0,0.392206
0,0.144985
2,2.67276
0,0.0203808
0,0.622774
0,0.0749215
0,0.764972
0,0.657633
0,0.396665
0,0.134077
2,2.67283
0,0.0189442
0,0.623427
0,0.087094
0,0.735591
0,0.665904
0,0.354102
0,0.181674
2,2.67234
0,0.0220017
0,0.620844
0,0.0758301
0,0.774398
0,0.643996
0,0.352906
0,0.181961
2,2.6727
0,0.0172797
0,0.625081
0,0.0784299
0,0.746237
0,0.668795
0,0.409989
0,0.122951
2,2.67238
0,0.0199847
0,0.62261
0,0.0918502
0,0.772817
0,0.627355
0,0.376534
0,0.154897
2,2.67252
0,0.0187899
0,0.624029
0,0.110879
0,0.740511
0,0.634791
0,0.416621
0,0.121854
2,2.67282
0,0.018577
0,0.623363
0,0.0823606
0,0.774158
0,0.633158
0,0.399804
0,0.136628
2,2.67222
0,0.0290128
0,0.612936
0,0.0788798
0,0.749946
0,0.663475
0,0.406097
0,0.128512
2,2.67191
0,0.0188668
0,0.623773
0,0.0907099
0,0.768448
0,0.631533
0,0.429039
0,0.106962
2,2.67263
0,0.0240387
0,0.618144
0,0.0814621
0,0.7392
0,0.673816
0,0.413274
0,0.119537
2,2.67217
0,0.0192329
0,0.623525
0,0.096336
0,0.77376
0,0.618606
0,0.403925
0,0.133723
2,2.6724
0,0.0181082
0,0.62433
0,0.0819481
0,0.741876
0,0.662258
0,0.453905
0,0.0865478
2,2.67249
0,0.0106529
0,0.629887
0,0.0714333
0,0.662252
0,0.700991
0,0.332861
0,0.259691
2,2.67248
0,0.0106164
0,0.630123
0,0.0820697
0,0.636636
0,0.705723
0,0.214605
0,0.389195
2,2.6729
3045060,3157500,3085380,3043080,3098360,3192530,3102210,3104540,3106450,3095910,3067360,3095050,3128300,3153390,3119190,3046520,3144130,3150570,3171040,3144760,3102120,3090310,3101860,3105150,3067730,3078880,3109790,3102960,3056660,3102060,3149650,3117170,3163740,3056450,3131250,3077850,3123580,3057160,3113860,3118040,3111580,3095400,3117590,3156040,3116620,3105670,3074200,3091200,3108930,1633360
