0,0.00324214
0,0.631676
0,0.0193916
0,0.133044
0,0.67262
0,0.0781775
0,0.60044
2,2.14068
0,0.0127289
0,0.573728
0,0.0189694
0,0.134058
0,0.725895
0,0.061274
0,0.612086
2,2.14085
0,0.00923079
0,0.577142
0,0.0186313
0,0.130307
0,0.727086
0,0.0860861
0,0.59019
2,2.14067
0,0.00275458
0,0.583974
0,0.0160507
0,0.115522
0,0.748281
0,0.0623336
0,0.610285
2,2.14099
0,0.00349322
0,0.584182
0,0.0182419
0,0.126862
0,0.730432
0,0.0622749
0,0.613813
1,2.14133
0,0.00371164
0,0.58356
0,0.0179146
0,0.125382
0,0.732583
0,0.0741052
0,0.601971
2,2.14115
0,0.00716879
0,0.57612
0,0.0171715
0,0.12416
0,0.738342
0,0.0870822
0,0.585364
2,2.13733
0,0.00328932
0,0.584118
0,0.0169124
0,0.115065
0,0.747304
0,0.0806768
0,0.592204
1,2.14138
0,0.00258401
0,0.585343
0,0.0169921
0,0.123891
0,0.733451
0,0.087726
0,0.589488
2,2.14143
0,0.00385007
0,0.58383
0,0.0174984
0,0.121819
0,0.73732
0,0.0843211
0,0.590671
2,2.14114
0,0.00305941
0,0.584549
0,0.0167006
0,0.118763
0,0.738337
0,0.0771746
0,0.600795
2,2.14138
0,0.00276557
0,0.584972
0,0.0158274
0,0.110488
0,0.750606
0,0.0968772
0,0.57794
2,2.14121
0,0.00407126
0,0.583492
0,0.0167499
0,0.118855
0,0.73883
0,0.0669101
0,0.610317
2,2.14124
0,0.00277448
0,0.585098
0,0.0166254
0,0.120694
0,0.737153
0,0.0876486
0,0.58958
2,2.14131
0,0.00361629
0,0.58428
0,0.0168397
0,0.118936
0,0.739269
0,0.0626307
0,0.613886
2,2.14127
0,0.00270875
0,0.585434
0,0.0153641
0,0.110511
0,0.748398
0,0.10248
0,0.574758
2,2.14144
0,0.00246378
0,0.585548
0,0.0164578
0,0.121489
0,0.736094
0,0.0660781
0,0.611333
2,2.14131
0,0.00384211
0,0.584455
0,0.0176258
0,0.123795
0,0.7369
0,0.0776798
0,0.595083
2,2.14142
0,0.0114856
0,0.577382
0,0.0170454
0,0.126069
0,0.734266
0,0.0792864
0,0.59393
2,2.14143
0,0.00344268
0,0.585375
0,0.0163088
0,0.11873
0,0.73883
0,0.0685837
0,0.608238
2,2.14145
0,0.00286097
0,0.586256
0,0.0169776
0,0.125919
0,0.730732
0,0.106528
0,0.569943
2,2.14118
0,0.0034799
0,0.58552
0,0.0178576
0,0.131091
0,0.722658
0,0.116574
0,0.561892
2,2.14111
0,0.00287436
0,0.586626
0,0.0177247
0,0.131242
0,0.730104
0,0.0775398
0,0.593187
2,2.14139
0,0.00340733
0,0.586085
0,0.0166173
0,0.12202
0,0.736885
0,0.0772156
0,0.597222
1,2.14128
0,0.00260291
0,0.586947
0,0.0181757
0,0.136456
0,0.719272
0,0.0920927
0,0.583903
2,2.14146
0,0.00401022
0,0.594276
0,0.0181339
0,0.135823
0,0.709292
0,0.101143
0,0.576681
2,2.14146
0,0.00866638
0,0.592848
0,0.0186329
0,0.135655
0,0.707152
0,0.0821382
0,0.594148
2,2.14129
0,0.00945293
0,0.588475
0,0.0175455
0,0.129372
0,0.718216
0,0.081203
0,0.595986
2,2.1422
0,0.00383334
0,0.595711
0,0.0193753
0,0.140825
0,0.703078
0,0.0879447
0,0.588618
2,2.14154
0,0.00320221
0,0.591263
0,0.0430712
0,0.143433
0,0.681408
0,0.0845728
0,0.0859813
1,1.63505
0,0.00299729
0,0.59984
0,0.0194929
0,0.140488
0,0.699245
0,0.0824857
0,0.088241
1,1.63482
0,0.00253509
0,0.598962
0,0.0177638
0,0.130104
0,0.712276
0,0.0839302
0,0.0879726
1,1.63554
0,0.00285171
0,0.60057
0,0.020265
0,0.145652
0,0.700301
0,0.0741336
0,0.0896487
1,1.63552
0,0.00933997
0,0.592391
0,0.021153
0,0.14727
0,0.697451
0,0.130993
0,0.034844
1,1.63558
0,0.00370324
0,0.599792
0,0.0194979
0,0.146804
0,0.694023
0,0.078279
0,0.0908862
1,1.63555
0,0.00385735
0,0.596289
0,0.0186598
0,0.13264
0,0.709366
0,0.0798923
0,0.0926222
1,1.6352
0,0.00387507
0,0.599984
0,0.0198225
0,0.146628
0,0.691118
0,0.0609827
0,0.110618
1,1.63543
0,0.00248745
0,0.599939
0,0.0195714
0,0.146883
0,0.691597
0,0.101446
0,0.0698569
1,1.63552
0,0.00360433
0,0.597398
0,0.0197639
0,0.14508
0,0.697664
0,0.0733556
0,0.0963175
1,1.63524
0,0.00316057
0,0.600544
0,0.0188423
0,0.13294
0,0.706644
0,0.0853017
0,0.0860872
1,1.63559
0,0.0028604
0,0.600974
0,0.0197582
0,0.143829
0,0.694774
0,0.0877819
0,0.083432
1,1.63556
0,0.00393916
0,0.599714
0,0.0216764
0,0.144068
0,0.69487
0,0.0657539
0,0.103195
1,1.63561
0,0.00299502
0,0.600285
0,0.0189095
0,0.139195
0,0.700679
0,0.0653222
0,0.105302
1,1.63483
0,0.00276353
0,0.601404
0,0.0270319
0,0.127497
0,0.703948
0,0.0643732
0,0.106564
1,1.63555
0,0.00355299
0,0.60073
0,0.0186206
0,0.138089
0,0.699396
0,0.0733462
0,0.0997617
1,1.63557
0,0.00351386
0,0.60047
0,0.0180214
0,0.131835
0,0.708558
0,0.0975104
0,0.0735381
1,1.63556
0,0.00269637
0,0.602858
0,0.0194178
0,0.128031
0,0.70754
0,0.105547
0,0.0667081
1,1.63493
0,0.0029625
0,0.598122
0,0.0169183
0,0.11664
0,0.728851
0,0.0585442
0,0.111666
1,1.63554
0,0.00235069
0,0.601458
0,0.0170335
0,0.124335
0,0.718133
0,0.0591807
0,0.110155
1,1.63557
0,0.00301591
0,0.601133
0,0.0169289
0,0.12434
0,0.717781
0,0.0712072
0,0.0989073
1,1.63553
0,0.00993066
0,0.593551
0,0.0194913
0,0.122333
0,0.717523
0,0.0787447
0,0.0908808
1,1.63487
0,0.00929239
0,0.593898
0,0.0198159
0,0.114858
0,0.724062
0,0.0806322
0,0.0901485
1,1.63469
0,0.00242347
0,0.601546
0,0.01708
0,0.125064
0,0.716366
0,0.0764971
0,0.0941617
1,1.63549
0,0.00246475
0,0.601425
0,0.0168
0,0.121453
0,0.720464
0,0.0798757
0,0.0905444
1,1.63507
0,0.00348705
0,0.600867
0,0.0163414
0,0.118967
0,0.721234
0,0.0830844
0,0.0897668
1,1.63553
0,0.00339979
0,0.600543
0,0.015303
0,0.111771
0,0.730846
0,0.0670428
0,0.10467
1,1.63525
0,0.0121881
0,0.591874
0,0.0207975
0,0.120212
0,0.717916
0,0.068378
0,0.101837
1,1.63532
0,0.00351315
0,0.600774
0,0.0163376
0,0.120099
0,0.720784
0,0.0823125
0,0.0898548
1,1.63552
0,0.00981006
0,0.594196
0,0.016671
0,0.118743
0,0.726112
0,0.0740057
0,0.0939503
1,1.63537
0,0.00290772
0,0.601261
0,0.0158662
0,0.112165
0,0.728875
0,0.0778761
0,0.0941775
1,1.63546
0,0.00260273
0,0.602668
0,0.0169241
0,0.123382
0,0.714743
0,0.0631884
0,0.109849
1,1.63556
0,0.00340085
0,0.600463
0,0.0170244
0,0.123435
0,0.718231
0,0.0676403
0,0.103009
1,1.63557
0,0.00261161
0,0.600634
0,0.0171262
0,0.125699
0,0.718177
0,0.0596991
0,0.109156
1,1.63548
0,0.00251224
0,0.602824
0,0.0168386
0,0.120222
0,0.720533
0,0.0763258
0,0.0942251
1,1.63538
0,0.00358455
0,0.599083
0,0.0177344
0,0.129124
0,0.713608
0,0.0605666
0,0.109769
1,1.63549
0,0.00244084
0,0.602463
0,0.0194239
0,0.134364
0,0.704848
0,0.0735971
0,0.0963269
1,1.6355
0,0.00350172
0,0.602403
0,0.0176671
0,0.13232
0,0.707304
0,0.0552595
0,0.115135
1,1.63554
0,0.00274658
0,0.602639
0,0.0174937
0,0.124941
0,0.736693
0,0.0680042
0,0.0802281
1,1.63465
0,0.0120187
0,0.593995
0,0.0184286
0,0.136381
0,0.703359
0,0.0803659
0,0.0889629
1,1.63549
0,0.00277431
0,0.603059
0,0.0186167
0,0.138683
0,0.699602
0,0.055437
0,0.115226
1,1.63545
0,0.0187014
0,0.587574
0,0.027438
0,0.139267
0,0.689812
0,0.0801766
0,0.0904755
1,1.63555
0,0.00276367
0,0.603263
0,0.0177723
0,0.130288
0,0.707665
0,0.0723136
0,0.0995706
1,1.63559
0,0.00318368
0,0.603107
0,0.0197071
0,0.141188
0,0.695285
0,0.0761218
0,0.094719
1,1.63533
0,0.0045001
0,0.601877
0,0.0199099
0,0.145377
0,0.690215
0,0.0659168
0,0.105526
1,1.63545
0,0.011318
0,0.594893
0,0.0251981
0,0.142914
0,0.686875
0,0.092096
0,0.0801126
1,1.63551
0,0.00246948
0,0.603702
0,0.0324601
0,0.130171
0,0.693912
0,0.096682
0,0.0737261
1,1.6356
0,0.00671773
0,0.599603
0,0.0204333
0,0.143703
0,0.690137
0,0.061227
0,0.111312
1,1.63541
0,0.0101043
0,0.596738
0,0.0199357
0,0.142946
0,0.693984
0,0.0819261
0,0.087553
1,1.6355
0,0.00283869
0,0.603954
0,0.0191633
0,0.142519
0,0.694267
0,0.0743025
0,0.0960559
1,1.63526
0,0.00232635
0,0.603899
0,0.017957
0,0.1327
0,0.705786
0,0.0825751
0,0.0879211
1,1.63513
0,0.00479101
0,0.602357
0,0.0270248
0,0.142662
0,0.687991
0,0.0630012
0,0.105588
1,1.63549
0,0.00332411
0,0.603379
0,0.0204287
0,0.143798
0,0.692589
0,0.0619822
0,0.107881
1,1.63549
0,0.0026036
0,0.600404
0,0.0191009
0,0.140522
0,0.69851
0,0.0611216
0,0.110953
1,1.6355
0,0.00266379
0,0.604287
0,0.0181569
0,0.126597
0,0.710106
0,0.0572525
0,0.114698
1,1.63583
0,0.00365918
0,0.617298
0,0.0191974
0,0.143025
0,0.676648
0,0.063837
0,0.109814
1,1.63555
0,0.00328274
0,0.60096
0,0.0244293
0,0.140685
0,0.693962
0,0.0572166
0,0.111732
1,1.63464
0,0.00429683
0,0.599983
0,0.0193789
0,0.138562
0,0.700877
0,0.0706362
0,0.09949
1,1.63551
0,0.0109846
0,0.595307
0,0.216696
0,0.14164
0,0.496889
0,0.0861592
0,0.0851687
1,1.63486
0,0.00273752
0,0.604412
0,0.0185883
0,0.136943
0,0.705004
0,0.0790976
0,0.086492
1,1.63547
0,0.00295915
0,0.604914
0,0.0183712
0,0.129601
0,0.706453
0,0.086215
0,0.0849861
1,1.6355
0,0.00273822
0,0.6052
0,0.017185
0,0.124942
0,0.710562
0,0.0830558
0,0.0898013
1,1.63547
0,0.00289799
0,0.604099
0,0.0161115
0,0.115419
0,0.722034
0,0.0570469
0,0.116011
1,1.63531
0,0.00296353
0,0.604492
0,0.016945
0,0.124841
0,0.713252
0,0.0572682
0,0.113857
1,1.63551
0,0.00337934
0,0.604638
0,0.017142
0,0.123705
0,0.715005
0,0.0604866
0,0.109089
1,1.63543
0,0.00361416
0,0.602316
0,0.0170586
0,0.120417
0,0.716654
0,0.0657831
0,0.107734
1,1.63537
0,0.00274199
0,0.60499
0,0.0154537
0,0.111631
0,0.726899
0,0.0816335
0,0.0904664
1,1.63545
0,0.0125194
0,0.593619
0,0.0175672
0,0.123317
0,0.712778
0,0.0548071
0,0.118094
1,1.63458
0,0.00309266
0,0.604121
0,0.0161484
0,0.119073
0,0.73402
0,0.0761744
0,0.0809947
1,1.63546
0,0.0033802
0,0.604388
0,0.0158884
0,0.117009
0,0.721806
0,0.0627221
0,0.108541
1,1.63551
0,0.00284414
0,0.60427
0,0.0152387
0,0.109595
0,0.731112
0,0.0599549
0,0.110066
1,1.63478
0,0.00371777
0,0.60367
0,0.0172313
0,0.118708
0,0.732863
0,0.0699351
0,0.0876268
1,1.63555
0,0.0113571
0,0.59637
0,0.0171377
0,0.123735
0,0.715411
0,0.0610507
0,0.108535
1,1.63547
0,0.00229492
0,0.605646
0,0.016468
0,0.120906
0,0.721834
0,0.0707036
0,0.0957517
1,1.63552
0,0.00293988
0,0.604958
0,0.0155597
0,0.114083
0,0.727936
0,0.0572495
0,0.11107
1,1.63553
0,0.00361131
0,0.60411
0,0.0171407
0,0.124935
0,0.712614
0,0.0660439
0,0.105088
1,1.63541
0,0.0326575
0,0.574459
0,0.0186457
0,0.128458
0,0.707878
0,0.0597227
0,0.110855
1,1.63504
0,0.00274527
0,0.602758
0,0.0172492
0,0.128612
0,0.712374
0,0.0854664
0,0.083699
1,1.63486
0,0.00336423
0,0.602432
0,0.0167063
0,0.122016
0,0.715863
0,0.0665948
0,0.106362
1,1.63515
0,0.00243878
0,0.603746
0,0.017946
0,0.131501
0,0.709402
0,0.0896742
0,0.0787471
1,1.63547
0,0.00293988
0,0.604444
0,0.0187797
0,0.136664
0,0.698621
0,0.0695107
0,0.101526
1,1.63549
0,0.00655299
0,0.601171
0,0.0187677
0,0.132945
0,0.708976
0,0.0806315
0,0.083982
1,1.63502
0,0.002297
0,0.606121
0,0.0171142
0,0.129038
0,0.709757
0,0.0675152
0,0.101905
1,1.63578
0,0.0032035
0,0.604837
0,0.0182856
0,0.136266
0,0.700004
0,0.0816993
0,0.0890893
1,1.63545
0,0.00246451
0,0.605691
0,0.0188854
0,0.139544
0,0.697031
0,0.070244
0,0.0994693
1,1.63546
0,0.00281627
0,0.605286
0,0.0192529
0,0.141601
0,0.694163
0,0.0631877
0,0.107013
1,1.63548
0,0.0023567
0,0.605803
0,0.0176944
0,0.137081
0,0.699993
0,0.0798622
0,0.0906419
1,1.63545
0,0.00242799
0,0.606072
0,0.0241654
0,0.144264
0,0.686833
0,0.0840024
0,0.0855338
1,1.63541
0,0.00393444
0,0.604326
0,0.0226605
0,0.148314
0,0.684031
0,0.0813032
0,0.0885009
1,1.63522
0,0.00280056
0,0.60542
0,0.0195741
0,0.146332
0,0.689938
0,0.0547702
0,0.114502
1,1.63544
0,0.0034127
0,0.604948
0,0.0187072
0,0.134042
0,0.701868
0,0.0749213
0,0.0955978
1,1.63549
0,0.00376019
0,0.604341
0,0.019685
0,0.145688
0,0.688363
0,0.0546825
0,0.116199
1,1.63522
0,0.0111944
0,0.596218
0,0.019635
0,0.145403
0,0.690787
0,0.0765462
0,0.0923699
1,1.63459
0,0.0132338
0,0.59441
0,0.0197957
0,0.14451
0,0.69046
0,0.0749637
0,0.0950014
1,1.63468
0,0.00292432
0,0.605461
0,0.0189905
0,0.131156
0,0.737525
0,0.0835533
0,0.0538541
1,1.63584
0,0.00393955
0,0.604154
0,0.0237386
0,0.144853
0,0.687353
0,0.0760566
0,0.0925948
1,1.63478
0,0.00264648
0,0.605845
0,0.0232151
0,0.141866
0,0.689802
0,0.0636556
0,0.105761
1,1.63522
0,0.0036047
0,0.604953
0,0.0190041
0,0.140084
0,0.695488
0,0.0677265
0,0.102679
1,1.63554
0,0.00339663
0,0.605204
0,0.0175274
0,0.127806
0,0.708256
0,0.0751547
0,0.0962765
1,1.63554
0,0.00708852
0,0.60141
0,0.0199591
0,0.13676
0,0.697796
0,0.0631431
0,0.107183
1,1.63533
0,0.00361292
0,0.605286
0,0.01842
0,0.135003
0,0.701021
0,0.073899
0,0.0965608
1,1.63582
0,0.00300181
0,0.605517
0,0.0198212
0,0.134418
0,0.700618
0,0.0692718
0,0.100907
1,1.63554
0,0.0025171
0,0.602792
0,0.0169058
0,0.121149
0,0.720772
0,0.0796574
0,0.0899106
1,1.63548
0,0.00279171
0,0.604208
0,0.0183112
0,0.129463
0,0.708198
0,0.070722
0,0.0999125
1,1.6356
0,0.0027918
0,0.603992
0,0.0186797
0,0.124655
0,0.713049
0,0.075107
0,0.0953671
1,1.63549
0,0.00364491
0,0.603025
0,0.0173225
0,0.129542
0,0.709065
0,0.0800884
0,0.0909381
1,1.63554
0,0.0108739
0,0.593585
0,0.0200471
0,0.112229
0,0.724876
0,0.0749331
0,0.0963927
1,1.63473
0,0.00305069
0,0.605182
0,0.0165818
0,0.119717
0,0.717754
0,0.0830421
0,0.0877924
1,1.63501
0,0.00352174
0,0.60109
0,0.0183247
0,0.121363
0,0.716024
0,0.0888292
0,0.0837681
1,1.63482
0,0.00294304
0,0.603514
0,0.0168304
0,0.119474
0,0.719898
0,0.0892796
0,0.0815134
1,1.63527
0,0.00292647
0,0.605733
0,0.0162457
0,0.110187
0,0.727623
0,0.0829452
0,0.0878624
1,1.63518
0,0.00341503
0,0.604488
0,0.0170952
0,0.120598
0,0.71561
0,0.0732351
0,0.0982687
1,1.63461
0,0.00243851
0,0.60561
0,0.0174639
0,0.118608
0,0.719475
0,0.0938106
0,0.0762635
1,1.6355
0,0.0030292
0,0.605556
0,0.0167321
0,0.116584
0,0.720338
0,0.0784267
0,0.0929098
1,1.63536
0,0.00282937
0,0.604233
0,0.0161508
0,0.110763
0,0.72998
0,0.0944563
0,0.0744543
1,1.63463
0,0.00248736
0,0.605161
0,0.0161322
0,0.118436
0,0.720496
0,0.0762673
0,0.0946618
1,1.63555
0,0.00275272
0,0.605546
0,0.0173836
0,0.122495
0,0.715544
0,0.114072
0,0.0562574
1,1.63585
0,0.00276668
0,0.606425
0,0.0175802
0,0.122471
0,0.712629
0,0.0700496
0,0.101862
1,1.63566
0,0.00264101
0,0.606724
0,0.0167228
0,0.115901
0,0.719741
0,0.102165
0,0.0699863
1,1.63554
0,0.00274588
0,0.605736
0,0.0181574
0,0.1268
0,0.713351
0,0.0841118
0,0.082262
1,1.63502
0,0.0032009
0,0.606556
0,0.0330313
0,0.128339
0,0.691679
0,0.0862928
0,0.0839683
1,1.635
0,0.00306374
0,0.606564
0,0.0177091
0,0.12741
0,0.706494
0,0.10509
0,0.0672707
1,1.63561
0,0.00251484
0,0.607363
0,0.0169588
0,0.121189
0,0.715834
0,0.0776795
0,0.0922406
1,1.63577
0,0.00282426
0,0.606668
0,0.0188604
0,0.13172
0,0.702813
0,0.074044
0,0.0961244
1,1.63557
0,0.00374146
0,0.606003
0,0.0181128
0,0.133089
0,0.703462
0,0.0789543
0,0.0898711
1,1.63522
0,0.00332025
0,0.606649
0,0.0188961
0,0.133233
0,0.701388
0,0.114933
0,0.0550003
1,1.63549
0,0.003578
0,0.606562
0,0.0176143
0,0.125812
0,0.709295
0,0.0761379
0,0.0946124
1,1.63546
0,0.0128067
0,0.597283
0,0.0199089
0,0.137585
0,0.695015
0,0.0969404
0,0.0737679
1,1.63535
0,0.00340174
0,0.604736
0,0.0184165
0,0.137192
0,0.699968
0,0.0790406
0,0.0905022
1,1.63534
0,0.00327626
0,0.606745
0,0.0190312
0,0.141158
0,0.697299
0,0.11465
0,0.0512832
1,1.63551
0,0.00365044
0,0.606614
0,0.0186321
0,0.12992
0,0.704656
0,0.088255
0,0.081876
1,1.63545
0,0.00315877
0,0.606222
0,0.0188323
0,0.143019
0,0.690197
0,0.0844957
0,0.0867059
1,1.63494
0,0.00318396
0,0.606665
0,0.0200985
0,0.144668
0,0.68856
0,0.0907124
0,0.0788002
1,1.63524
0,0.00328398
0,0.606703
0,0.0195852
0,0.144473
0,0.68804
0,0.074866
0,0.0955917
1,1.63534
0,0.00405962
0,0.606184
0,0.0181673
0,0.133639
0,0.70219
0,0.0672692
0,0.101912
1,1.63537
0,0.00970676
0,0.600532
0,0.0201761
0,0.143288
0,0.689471
0,0.087537
0,0.0819653
1,1.63546
0,0.00482378
0,0.601683
0,0.0234509
0,0.143387
0,0.688703
0,0.0795242
0,0.0910259
1,1.63524
0,0.00322361
0,0.606612
0,0.0185203
0,0.139255
0,0.695404
0,0.0660755
0,0.103976
1,1.63506
0,0.00302582
0,0.605495
0,0.0181747
0,0.12825
0,0.707569
0,0.0594045
0,0.111561
1,1.63546
0,0.00388027
0,0.604688
0,0.0195977
0,0.140676
0,0.692417
0,0.0710743
0,0.100902
1,1.63542
0,0.00447602
0,0.605839
0,0.0195075
0,0.140603
0,0.692165
0,0.069313
0,0.101409
1,1.63539
0,0.00415583
0,0.606682
0,0.01998
0,0.138065
0,0.696022
0,0.059717
0,0.108663
1,1.63544
0,0.00396585
0,0.605773
0,0.0175744
0,0.127851
0,0.706892
0,0.0649626
0,0.105862
1,1.63489
0,0.00404577
0,0.604501
0,0.0188396
0,0.133821
0,0.698917
0,0.109077
0,0.0624672
1,1.63541
0,0.00410224
0,0.604823
0,0.0182015
0,0.133531
0,0.700439
0,0.0638316
0,0.108505
1,1.63546
0,0.0133971
0,0.595378
0,0.0194513
0,0.135515
0,0.697762
0,0.0700034
0,0.100911
1,1.63462
0,0.0042287
0,0.605156
0,0.0170457
0,0.122547
0,0.714502
0,0.0799939
0,0.090016
1,1.63545
0,0.00413292
0,0.603835
0,0.0180812
0,0.131949
0,0.704853
0,0.0733063
0,0.097191
1,1.6354
0,0.00430625
0,0.606484
0,0.0172724
0,0.124338
0,0.709751
0,0.0957023
0,0.0756508
1,1.63544
0,0.00367971
0,0.605565
0,0.0172859
0,0.120793
0,0.71231
0,0.0747744
0,0.098498
1,1.63506
0,0.00335074
0,0.608715
0,0.0166279
0,0.110817
0,0.724063
0,0.0807019
0,0.089292
1,1.63527
0,0.00480029
0,0.605178
0,0.0171654
0,0.120238
0,0.713861
0,0.0921605
0,0.0798089
1,1.63543
0,0.0113103
0,0.598369
0,0.0164159
0,0.11995
0,0.714065
0,0.0617579
0,0.111132
1,1.63547
0,0.00365409
0,0.606217
0,0.017728
0,0.119595
0,0.717285
0,0.0944258
0,0.0741543
1,1.63533
0,0.00393466
0,0.605668
0,0.015258
0,0.110307
0,0.728933
0,0.0559203
0,0.113629
1,1.63544
0,0.0112696
0,0.598393
0,0.0165904
0,0.11935
0,0.716579
0,0.0601445
0,0.110681
1,1.63543
0,0.0032583
0,0.605706
0,0.0164802
0,0.119619
0,0.715969
0,0.0756314
0,0.0956159
1,1.6347
0,0.0128744
0,0.597128
0,0.0171244
0,0.119651
0,0.715255
0,0.0732476
0,0.0975008
1,1.63457
0,0.0038549
0,0.60574
0,0.0153596
0,0.110596
0,0.726985
0,0.0526567
0,0.118336
1,1.63518
0,0.00392573
0,0.60706
0,0.0183158
0,0.122101
0,0.71161
0,0.065346
0,0.104966
1,1.6352
0,0.00416861
0,0.606583
0,0.0170193
0,0.125027
0,0.71051
0,0.0711322
0,0.0989539
1,1.63539
0,0.0042264
0,0.607297
0,0.0185652
0,0.124842
0,0.708218
0,0.065642
0,0.104561
1,1.63535
0,0.00333835
0,0.607419
0,0.0161887
0,0.118403
0,0.716353
0,0.0689115
0,0.102255
1,1.63517
0,0.00396313
0,0.606786
0,0.0175194
0,0.129351
0,0.704432
0,0.0880903
0,0.0830896
1,1.63522
0,0.0111429
0,0.5992
0,0.0178387
0,0.131261
0,0.702088
0,0.0911966
0,0.0798192
1,1.63468
0,0.00331164
0,0.607922
0,0.017823
0,0.131372
0,0.700248
0,0.0716371
0,0.100989
1,1.63541
0,0.00326097
0,0.607539
0,0.0169733
0,0.125261
0,0.709444
0,0.0795234
0,0.0914219
1,1.63522
0,0.00336995
0,0.60756
0,0.0183415
0,0.136366
0,0.697893
0,0.0692002
0,0.100241
1,1.63527
0,0.0113181
0,0.599203
0,0.018456
0,0.1375
0,0.695491
0,0.0795178
0,0.0911085
1,1.63496
0,0.00533075
0,0.606102
0,0.0185451
0,0.13788
0,0.695197
0,0.0877203
0,0.0825179
1,1.63538
0,0.0127334
0,0.59794
0,0.0185483
0,0.126101
0,0.708212
0,0.0605779
0,0.108401
1,1.63475
0,0.00835213
0,0.602791
0,0.0187723
0,0.139107
0,0.705133
0,0.155978
0,0.00319509
1,1.63543
0,0.00330873
0,0.607697
0,0.0190282
0,0.140779
0,0.690118
0,0.0779608
0,0.0943282
1,1.63531
0,0.00399697
0,0.607243
0,0.0188219
0,0.141363
0,0.691269
0,0.0616588
0,0.108799
1,1.63534
0,0.00420958
0,0.607018
0,0.0183572
0,0.134792
0,0.69933
0,0.0708817
0,0.0986538
1,1.63542
0,0.00423455
0,0.606834
0,0.0194734
0,0.145358
0,0.686578
0,0.0602985
0,0.110447
1,1.63531
0,0.00364094
0,0.607817
0,0.0197345
0,0.146784
0,0.687604
0,0.0713585
0,0.0963932
1,1.63548
0,0.0125776
0,0.598773
0,0.0199264
0,0.144447
0,0.688268
0,0.0734034
0,0.0959567
1,1.63548
0,0.00390449
0,0.60728
0,0.0179731
0,0.131989
0,0.701985
0,0.0635099
0,0.106847
1,1.63538
0,0.00392414
0,0.603302
0,0.0198367
0,0.146469
0,0.68892
0,0.0556913
0,0.114456
1,1.63475
0,0.00327209
0,0.605428
0,0.0191158
0,0.144233
0,0.691264
0,0.0639838
0,0.105976
1,1.63547
0,0.00428537
0,0.604088
0,0.0201404
0,0.144945
0,0.689188
0,0.0835019
0,0.0870241
1,1.63523
0,0.0027677
0,0.606834
0,0.0172935
0,0.128656
0,0.705166
0,0.0747486
0,0.0972693
1,1.63469
0,0.00462802
0,0.599969
0,0.0190132
0,0.139187
0,0.704365
0,0.158858
0,0.00367156
1,1.63547
0,0.0038838
0,0.603097
0,0.0184429
0,0.137501
0,0.698747
0,0.060762
0,0.109883
1,1.63456
0,0.00280004
0,0.607393
0,0.0184211
0,0.135329
0,0.697959
0,0.061066
0,0.11013
1,1.63517
0,0.00328334
0,0.605675
0,0.0169419
0,0.124491
0,0.712131
0,0.0651938
0,0.105531
1,1.63511
0,0.00314259
0,0.60771
0,0.0189025
0,0.133333
0,0.698215
0,0.0565746
0,0.11545
1,1.63533
0,0.00337227
0,0.60736
0,0.0180683
0,0.132276
0,0.699168
0,0.0694061
0,0.103801
1,1.63552
0,0.00390216
0,0.605232
0,0.0175411
0,0.130537
0,0.703791
0,0.0635069
0,0.108727
1,1.6354
0,0.0039488
0,0.607552
0,0.0166601
0,0.121781
0,0.711929
0,0.054259
0,0.117501
1,1.63556
0,0.00386254
0,0.606735
0,0.0173367
0,0.129234
0,0.705744
0,0.0754065
0,0.0949232
1,1.6354
0,0.00349438
0,0.607761
0,0.0180528
0,0.132353
0,0.698315
0,0.0586445
0,0.115002
1,1.6355
0,0.0121465
0,0.59751
0,0.0188556
0,0.12126
0,0.712139
0,0.0710698
0,0.10032
1,1.6355
0,0.00309954
0,0.606672
0,0.0153731
0,0.110718
0,0.726516
0,0.0618785
0,0.108495
1,1.63453
0,0.00888325
0,0.601461
0,0.016389
0,0.122363
0,0.710555
0,0.0772256
0,0.0962725
1,1.63538
0,0.00316868
0,0.607269
0,0.0163831
0,0.122917
0,0.709861
0,0.0553446
0,0.118217
1,1.63539
0,0.00296535
0,0.60718
0,0.0164787
0,0.199491
0,0.633409
0,0.0655593
0,0.107707
1,1.63476
0,0.00375584
0,0.612123
0,0.0300552
0,0.118882
0,0.696099
0,0.0791787
0,0.0934786
1,1.63532
0,0.00500785
0,0.60595
0,0.016203
0,0.120203
0,0.713349
0,0.0676846
0,0.105099
1,1.63537
0,0.00353767
0,0.604127
0,0.0168957
0,0.193266
0,0.638557
0,0.0847562
0,0.0884665
1,1.63535
0,0.00329015
0,0.607772
0,0.0162131
0,0.12042
0,0.713516
0,0.0657575
0,0.106433
1,1.63526
0,0.00398596
0,0.607248
0,0.0162478
0,0.113711
0,0.721448
0,0.0599823
0,0.110945
1,1.63532
0,0.00427871
0,0.606786
0,0.0178374
0,0.125264
0,0.707789
0,0.0684607
0,0.102914
1,1.63526
0,0.00319547
0,0.608732
0,0.0368073
0,0.13558
0,0.681179
0,0.0947508
0,0.0732547
1,1.63532
0,0.00351143
0,0.608013
0,0.0178905
0,0.128047
0,0.704844
0,0.0544056
0,0.116719
1,1.63535
0,0.0031338
0,0.608419
0,0.0182445
0,0.119068
0,0.713675
0,0.062622
0,0.108161
1,1.63536
0,0.00295747
0,0.608221
0,0.0179581
0,0.134165
0,0.699512
0,0.0589898
0,0.111525
1,1.63537
0,0.00450446
0,0.606159
0,0.0197301
0,0.13494
0,0.696602
0,0.0693254
0,0.10115
1,1.63462
0,0.00410904
0,0.60721
0,0.018953
0,0.134008
0,0.696251
0,0.0978098
0,0.0749666
1,1.63539
0,0.00330785
0,0.608005
0,0.0171439
0,0.126021
0,0.710145
0,0.0828031
0,0.0860256
1,1.63539
0,0.0035583
0,0.60812
0,0.0189334
0,0.141192
0,0.691508
0,0.0616699
0,0.108126
1,1.63537
0,0.00381528
0,0.608012
0,0.0195423
0,0.139742
0,0.69177
0,0.0757142
0,0.0945887
1,1.63536
0,0.00391863
0,0.607253
0,0.0190179
0,0.141579
0,0.691706
0,0.0789851
0,0.0903338
1,1.63502
0,0.00414707
0,0.607502
0,0.0184637
0,0.134035
0,0.700237
0,0.0654219
0,0.103555
1,1.63534
0,0.00390207
0,0.607761
0,0.0188929
0,0.138945
0,0.693118
0,0.0681539
0,0.102222
1,1.63508
0,0.00279501
0,0.608124
0,0.0188362
0,0.142082
0,0.69268
0,0.0832741
0,0.084988
1,1.63497
0,0.0045928
0,0.6069
0,0.0205634
0,0.144851
0,0.685862
0,0.061597
0,0.108247
1,1.63535
0,0.00356341
0,0.605464
0,0.0180066
0,0.133911
0,0.702493
0,0.0655412
0,0.104206
1,1.63527
0,0.0111523
0,0.600716
0,0.0195268
0,0.145481
0,0.685986
0,0.0676622
0,0.101717
1,1.63503
0,0.00314397
0,0.608738
0,0.0199119
0,0.146522
0,0.684551
0,0.0790837
0,0.0906943
1,1.63517
0,0.00502217
0,0.606926
0,0.0196334
0,0.146746
0,0.685594
0,0.0733457
0,0.0959978
1,1.63538
0,0.0108692
0,0.600542
0,0.018496
0,0.135063
0,0.698921
0,0.0713788
0,0.0978784
1,1.6351
0,0.00377837
0,0.608146
0,0.0203141
0,0.145333
0,0.685371
0,0.0616554
0,0.107949
1,1.63535
0,0.00352105
0,0.607415
0,0.0192884
0,0.143569
0,0.690128
0,0.0868207
0,0.0823923
1,1.63532
0,0.00349217
0,0.607204
0,0.019165
0,0.14207
0,0.691997
0,0.0770513
0,0.092041
1,1.63512
0,0.00289536
0,0.610031
0,0.0257625
0,0.187677
0,0.636034
0,0.0688047
0,0.101076
1,1.63449
0,0.0127851
0,0.599468
0,0.0188694
0,0.139571
0,0.692674
0,0.0731552
0,0.0966248
1,1.63532
0,0.00467831
0,0.606834
0,0.0202863
0,0.142286
0,0.688779
0,0.0827926
0,0.0868208
1,1.63453
0,0.00321465
0,0.608196
0,0.0178484
0,0.13152
0,0.701717
0,0.0721279
0,0.0983127
1,1.63507
0,0.0112554
0,0.599911
0,0.0165675
0,0.117497
0,0.717731
0,0.0782346
0,0.09132
1,1.63451
0,0.00419377
0,0.607184
0,0.0175316
0,0.128554
0,0.704881
0,0.0754906
0,0.0954767
1,1.63531
0,0.00355511
0,0.608209
0,0.0174538
0,0.127694
0,0.705763
0,0.0919045
0,0.0787461
1,1.63538
0,0.00415752
0,0.607835
0,0.0173231
0,0.127525
0,0.705734
0,0.0629937
0,0.107748
1,1.63534
0,0.00414889
0,0.607298
0,0.0160103
0,0.115489
0,0.720591
0,0.0608384
0,0.109239
1,1.63534
0,0.0040515
0,0.607844
0,0.0169263
0,0.124134
0,0.711074
0,0.086893
0,0.0825226
1,1.63541
0,0.00343823
0,0.608443
0,0.0168703
0,0.121671
0,0.712572
0,0.0749972
0,0.0956497
1,1.6355
0,0.00343794
0,0.608282
0,0.0162853
0,0.118698
0,0.714231
0,0.0683916
0,0.104097
1,1.6355
0,0.00403221
0,0.607308
0,0.0159122
0,0.11071
0,0.723637
0,0.081848
0,0.0902019
1,1.63555
0,0.0115457
0,0.600159
0,0.0174739
0,0.118735
0,0.714471
0,0.0641302
0,0.106286
1,1.63476
0,0.00354323
0,0.608201
0,0.0162959
0,0.119384
0,0.714456
0,0.0573025
0,0.114327
1,1.63555
0,0.00383991
0,0.607588
0,0.0163979
0,0.118856
0,0.714311
0,0.082067
0,0.0898302
1,1.63506
0,0.00351127
0,0.608456
0,0.0154439
0,0.110761
0,0.724006
0,0.071917
0,0.0995806
1,1.63546
0,0.00352988
0,0.608043
0,0.0175558
0,0.120383
0,0.714356
0,0.0820226
0,0.0872069
1,1.63533
0,0.00406983
0,0.608249
0,0.0162921
0,0.120266
0,0.714199
0,0.082334
0,0.0880887
1,1.6355
0,0.00330818
0,0.608843
0,0.0164661
0,0.121275
0,0.712177
0,0.0753372
0,0.0959894
1,1.63554
0,0.00351211
0,0.608555
0,0.0156878
0,0.112026
0,0.723995
0,0.0748024
0,0.0952602
1,1.63552
0,0.0038716
0,0.608186
0,0.0170911
0,0.125512
0,0.70796
0,0.0679663
0,0.102886
1,1.6355
0,0.00291156
0,0.609152
0,0.01744
0,0.128632
0,0.705069
0,0.0552808
0,0.115078
1,1.63551
0,0.0040064
0,0.608105
0,0.0178039
0,0.130626
0,0.703246
0,0.0668219
0,0.102854
1,1.63554
0,0.00330798
0,0.608586
0,0.0167424
0,0.121768
0,0.711774
0,0.0569755
0,0.114258
1,1.6355
0,0.0034402
0,0.608727
0,0.0179432
0,0.131468
0,0.700752
0,0.0882107
0,0.0828933
1,1.63552
0,0.00350461
0,0.608331
0,0.0184758
0,0.136288
0,0.695946
0,0.0786551
0,0.0923149
1,1.6355
0,0.00415095
0,0.607767
0,0.0189656
0,0.139914
0,0.702056
0,0.148637
0,0.0117531
1,1.63555
0,0.0041563
0,0.607917
0,0.017663
0,0.126622
0,0.725333
0,0.140153
0,0.011765
1,1.63552
0,0.00417643
0,0.607892
0,0.0186633
0,0.137388
0,0.689058
0,0.0182416
0,0.158041
1,1.63545
0,0.0128421
0,0.599308
0,0.019258
0,0.14156
0,0.683282
0,0.000520958
0,0.176693
1,1.63554
0,0.00355238
0,0.608177
0,0.0193873
0,0.142505
0,0.681469
0,0.000666317
0,0.177909
1,1.63583
0,0.00354834
0,0.608619
0,0.0175522
0,0.129893
0,0.696023
0,0.00202276
0,0.175837
1,1.63551
0,0.00262164
0,0.60863
0,0.0190692
0,0.141394
0,0.683238
0,0.00330816
0,0.174436
1,1.63484
0,0.00319573
0,0.608263
0,0.0188072
0,0.141898
0,0.682565
0,0.000539906
0,0.177669
1,1.63506
0,0.00257443
0,0.609204
0,0.0188457
0,0.143887
0,0.681035
0,0.00256589
0,0.175267
1,1.63546
0,0.00251281
0,0.609255
0,0.0170732
0,0.13234
0,0.694926
0,0.00608349
0,0.171478
1,1.63546
0,0.00352097
0,0.608169
0,0.0196027
0,0.148815
0,0.675187
0,0.000872926
0,0.177224
1,1.63548
0,0.00351025
0,0.607997
0,0.0194555
0,0.147747
0,0.676741
0,0.00135434
0,0.176286
1,1.63521
0,0.00287193
0,0.608889
0,0.0186676
0,0.141635
0,0.68412
0,0.000512478
0,0.176682
1,1.63544
0,0.00286455
0,0.60929
0,0.0181475
0,0.130304
0,0.695545
0,0.00051934
0,0.176733
1,1.63545
0,0.00286043
0,0.609195
0,0.0204315
0,0.145729
0,0.678
0,0.000512454
0,0.176714
1,1.6355
0,0.00319575
0,0.608621
0,0.0191492
0,0.144102
0,0.680491
0,0.000515147
0,0.177338
1,1.63545
0,0.00322801
0,0.608721
0,0.0187768
0,0.140732
0,0.684048
0,0.000531805
0,0.177302
1,1.63546
0,0.00278619
0,0.609011
0,0.0173946
0,0.127567
0,0.699019
0,0.000514477
0,0.177381
1,1.6355
540780,522530,548150,509890,518730,553560,538730,591610,582160,542020,536430,560550,519820,527370,518430,527340,516020,517230,533400,515910,584040,609340,514460,521650,585760,588430,523160,537690,526850,546970,506700,525760,540830,595600,515130,523200,512850,516680,525730,543930,552610,534550,557690,523380,548730,546280,516520,545580,525510,522610,546850,556870,516340,580200,529160,522790,520370,599660,505930,548420,512920,528970,511320,552650,529580,520730,530800,514220,528580,517010,526900,547490,552510,517500,534260,618250,519620,592790,554760,578330,534400,509570,521250,523800,563640,524210,523120,573420,552380,534200,516210,511270,533820,524120,522570,532120,518650,560640,531460,553610,605970,527620,552510,532460,529910,525270,615740,507690,560730,526710,534490,544260,572080,525450,521700,544170,526040,520880,518070,558240,520690,534800,540100,522430,550310,510000,566550,552160,543610,538660,540630,554060,510050,547350,524750,555700,512850,515730,623240,548470,524680,556280,531360,518630,530220,545710,540660,570180,537140,527720,536130,532910,522320,545310,614150,523370,558580,556640,565630,535290,526250,608020,517680,534800,557880,511870,509920,539370,533100,570550,512940,517990,581760,522290,575330,543220,520700,574360,533490,511490,558600,523180,646500,521020,516370,549550,508160,514590,512730,591540,533880,525960,567780,510490,523420,518900,622790,572690,566540,516580,576250,600760,511420,516010,522620,504070,539890,550220,531690,555100,567230,562350,585000,529730,562490,555610,506450,526880,523710,513520,595940,527860,535490,539880,524790,509910,548150,594430,528280,528860,529200,527240,534860,614420,507290,552870,510230,567610,562250,558290,503120,506530,562470,520820,523460,602750,518070,518770,550850,532440,529280,562670,529690,597540,599090,509210,515600,558870,529850,543570,538250,541270,547250,520520,596610,545720,527660,556590,538030,530860,551330,503110,525210,596970,525610,519890,544360,517140,544350,528330,523820,545740,596320,550580,166230,840,2230,10210,21580,280,16010,30930,4680,7660,0,80,0,0,0,0
