0,0.0246846
36,36.5587
0,0.399324
4,4.8321
6,6.59012
1,1.88158
4,4.04578
54,54.334
0,0.0290014
33,33.8787
0,0.531733
4,4.6855
9,9.4887
1,1.99366
3,3.725
54,54.3344
0,0.0365166
33,33.9128
0,0.584007
4,4.55224
9,9.56805
1,1.86357
3,3.81471
54,54.334
0,0.0323941
33,33.8943
0,0.621616
4,4.20644
9,9.8788
1,1.95635
3,3.74237
54,54.3345
0,0.0230382
33,33.8988
0,0.430007
4,4.53865
9,9.7432
2,2.02419
2,2.89349
53,53.5533
0,0.0327465
33,33.9219
0,0.455073
4,4.57212
9,9.62089
1,1.94764
3,3.00041
53,53.5528
0,0.0347039
33,33.9197
0,0.6439
4,4.74578
9,9.35369
1,1.87688
2,2.9766
53,53.5534
0,0.0424064
33,33.9205
0,0.568565
4,4.44697
9,9.64817
1,1.88497
1,1.98001
52,52.4934
0,0.0227101
33,33.9104
0,0.559517
4,4.87534
9,9.29781
1,1.85386
1,1.97224
52,52.4933
0,0.0222747
33,33.9391
0,0.688631
4,4.9662
8,9.04171
1,1.9901
1,1.8437
52,52.4934
0,0.0344762
33,33.9257
0,0.56061
4,4.98469
9,9.23412
2,2.13283
1,1.61866
52,52.4934
0,0.021586
33,33.9233
0,0.526714
4,4.53322
9,9.66918
2,2.03767
1,1.78022
52,52.4933
0,0.0327348
33,33.9299
0,0.499889
4,4.80308
9,9.34845
1,1.92306
1,1.95414
52,52.4933
0,0.034324
33,33.9292
0,0.568689
4,4.84133
9,9.25272
2,2.03492
1,1.82717
52,52.4934
0,0.0244253
33,33.9173
0,0.63777
4,4.73833
9,9.30884
1,1.95808
1,1.90618
52,52.4932
0,0.0257032
33,33.9116
0,0.483209
4,4.56174
9,9.62175
2,2.08632
1,1.80117
52,52.4933
0,0.0451135
33,33.9179
0,0.5148
4,4.73439
9,9.50066
2,2.0418
1,1.73614
52,52.4929
0,0.0381905
33,33.9243
0,0.498188
4,4.88496
9,9.28617
2,2.0443
1,1.81457
52,52.4931
0,0.0250247
33,33.9209
0,0.534288
4,4.89745
9,9.25316
2,2.0892
1,1.77143
52,52.4931
0,0.020955
33,33.9415
0,0.560229
4,4.65154
9,9.44937
2,2.05019
1,1.8167
52,52.4929
0,0.0227075
33,33.9229
0,0.465688
5,5.01674
9,9.23624
2,2.00552
1,1.8215
52,52.4932
0,0.0245004
33,33.9234
0,0.552326
5,5.1053
8,9.03489
1,1.87703
1,1.97432
52,52.4932
0,0.0492683
33,33.9142
0,0.546004
4,4.92347
9,9.21945
2,2.05609
1,1.78264
52,52.4931
0,0.0274408
33,33.9186
0,0.469797
4,4.6576
9,9.50499
2,2.11784
1,1.79467
52,52.4932
0,0.0400786
33,33.8373
0,0.576514
5,5.07088
9,9.20717
1,1.9912
1,1.76733
52,52.4929
0,0.0266706
33,33.9331
0,0.674394
5,5.03273
8,9.001
1,1.72245
2,2.09963
52,52.4931
0,0.0244205
33,33.9475
0,0.463456
4,4.76489
9,9.32257
2,2.05154
1,1.91633
52,52.4934
0,0.0178289
33,33.9444
0,0.47022
4,4.52541
9,9.78841
1,1.94178
1,1.80231
52,52.4933
0,0.0295106
33,33.9333
0,0.607151
4,4.93622
9,9.11858
1,1.66424
2,2.20113
52,52.493
0,0.0233777
33,33.945
0,0.55275
5,5.10534
8,9.01637
1,1.78111
2,2.06681
52,52.4931
0,0.042577
33,33.9163
0,0.585014
5,5.00407
9,9.09133
1,1.8486
2,2.00288
52,52.4931
0,0.0245924
33,33.9491
0,0.475461
4,4.61383
9,9.57112
1,1.78075
2,2.0759
52,52.493
0,0.0273953
33,33.9383
0,0.498777
5,5.11329
8,9.08656
1,1.84776
1,1.97854
52,52.493
0,0.0424764
33,33.9235
0,0.536668
5,5.20299
8,8.9215
1,1.94182
1,1.92169
52,52.493
0,0.0232038
33,33.938
0,0.551877
5,5.24769
8,8.90661
1,1.82435
2,1.99809
52,52.493
0,0.0287467
33,33.936
0,0.455756
4,4.73684
9,9.47216
2,2.04053
1,1.82049
52,52.4929
0,0.024392
33,33.9398
0,0.632179
5,5.21174
9,9.25705
2,2.03417
1,1.39083
52,52.4921
0,0.0338605
33,33.9343
0,0.547633
5,5.21259
8,8.83253
2,2.03906
1,1.88836
52,52.4909
0,0.0246228
33,33.9437
0,0.494124
5,5.16272
8,8.82729
2,2.36446
1,1.67229
52,52.4913
0,0.0230556
33,33.9414
0,0.435261
4,4.7759
9,9.43102
2,2.07094
1,1.81118
52,52.4912
0,0.024673
33,33.9439
0,0.696153
5,5.37821
8,8.44644
2,2.48226
1,1.51637
52,52.4911
0,0.0235888
33,33.9398
0,0.70448
5,5.19615
8,8.7828
2,2.26856
1,1.57353
52,52.4911
0,0.0258795
33,33.9405
0,0.503023
5,5.12062
9,9.05892
2,2.09028
1,1.74785
52,52.4912
0,0.0470196
33,33.9175
0,0.69256
4,4.77133
9,9.25154
2,2.14408
1,1.66303
52,52.4906
0,0.0244831
33,33.9399
0,0.540034
5,5.19494
8,8.95786
1,1.98946
1,1.84104
52,52.4911
0,0.0410414
33,33.927
0,0.526381
5,5.20813
8,8.95272
2,2.03612
1,1.79748
52,52.4912
0,0.0224196
33,33.9393
0,0.535925
5,5.25283
8,8.9146
2,2.05755
1,1.76594
52,52.491
0,0.0306572
33,33.9325
0,0.434212
4,4.77412
9,9.44663
1,1.83685
2,2.03403
52,52.4911
0,0.0225283
33,33.9289
0,0.465549
5,5.28962
8,8.93599
2,2.07124
1,1.77508
52,52.4913
0,0.0277818
33,33.9224
0,0.526288
5,5.39646
8,8.76478
1,1.7766
2,2.0746
52,52.4914
0,0.0228019
33,33.9285
0,0.543461
5,5.2138
8,8.96801
1,1.93774
1,1.87484
52,52.4914
0,0.0273887
33,33.9237
0,0.531163
4,4.66266
9,9.34603
2,2.19418
1,1.80404
52,52.4913
0,0.0288792
33,33.9523
0,0.518524
5,5.08555
8,9.05615
1,1.84429
2,2.00349
52,52.4912
0,0.0224734
33,33.9909
0,0.457095
4,4.90679
9,9.26285
2,2.12166
1,1.72666
52,52.4913
0,0.0232658
33,33.99
0,0.574539
5,5.05167
8,8.89319
2,2.09139
1,1.865
52,52.4912
0,0.0277888
33,33.9846
0,0.499516
4,4.69023
9,9.25042
2,2.12662
1,1.90924
52,52.4913
0,0.0466686
33,33.9649
0,0.546771
5,5.24081
8,8.7049
2,2.06415
1,1.92058
52,52.4913
0,0.0261099
33,33.987
0,0.534415
5,5.18702
8,8.89917
1,1.98872
1,1.8664
52,52.4913
0,0.0425465
33,34.0024
0,0.552239
5,5.17668
8,8.69613
2,2.49579
1,1.52332
52,52.4913
0,0.0353913
33,34.0083
0,0.483089
4,4.59718
9,9.34818
2,2.31736
1,1.69972
52,52.4912
0,0.0264181
34,34.0158
0,0.505744
5,5.01341
8,9.08016
2,2.11325
1,1.73457
52,52.4912
0,0.026718
34,34.0174
0,0.53825
5,5.1263
8,8.9377
2,2.1306
1,1.71175
52,52.4913
0,0.0492568
33,33.9895
0,0.494377
5,5.213
8,8.75443
2,2.14562
1,1.83897
52,52.4913
0,0.0223925
34,34.0221
0,0.484943
4,4.68226
9,9.2094
3,3.36407
0,0.703825
52,52.4914
0,0.0221977
34,34.0583
0,0.641121
5,5.23595
8,8.49788
2,2.96494
1,1.06883
52,52.4913
0,0.0356694
33,34.0433
0,0.540219
5,5.21507
8,8.68389
2,2.15119
1,1.81945
52,52.4912
0,0.0248669
33,34.0525
0,0.480545
5,5.03983
8,9.02359
2,2.14211
1,1.72531
52,52.4911
0,0.0220627
34,34.0571
0,0.431568
4,4.70959
9,9.36731
1,1.91531
1,1.98622
52,52.491
0,0.0258661
34,34.0556
0,0.486702
5,5.02857
8,9.04505
1,1.76531
2,2.0815
52,52.4911
0,0.0238541
34,34.0583
0,0.573784
5,5.09135
8,8.75157
2,2.23747
1,1.7528
52,52.4912
0,0.0392005
34,34.0404
0,0.512248
5,5.04743
8,8.82351
2,2.30225
1,1.72378
52,52.4911
0,0.0201614
34,34.065
0,0.465293
4,4.56301
9,9.48604
2,2.06269
1,1.82674
52,52.4911
0,0.0248619
34,34.0812
0,0.47476
4,4.99056
8,9.0556
1,1.74426
3,3.17725
53,53.551
0,0.0224245
34,34.0855
0,0.541818
5,5.08458
8,8.88184
1,1.82119
3,3.11124
53,53.5511
0,0.0243491
34,34.0848
0,0.530501
4,4.9671
8,9.00934
1,1.69997
3,3.23277
53,53.5512
0,0.0391637
34,34.0633
0,0.494969
4,4.41261
9,9.55125
1,1.83227
3,3.1494
53,53.5512
0,0.0247739
34,34.0815
0,0.464307
4,4.93005
8,9.10332
1,1.84214
3,3.10243
53,53.5512
0,0.0426137
34,34.0685
0,0.723503
4,4.85425
8,8.79293
2,2.50893
2,2.55816
53,53.5512
0,0.0241023
34,34.081
0,0.742308
4,4.96288
8,8.68973
3,3.12908
1,1.91998
53,53.5514
0,0.0237958
33,34.0869
0,0.670518
4,4.56178
9,9.16479
1,1.91666
3,3.12423
53,53.5513
0,0.0266244
34,34.1027
0,0.658984
4,4.90143
8,8.75951
1,1.98791
3,3.10984
53,53.5495
0,0.063393
33,34.0654
0,0.579824
4,4.91174
8,9.0491
1,1.87076
3,3.00669
53,53.5493
0,0.0398627
33,34.0838
0,0.661618
4,4.87536
8,8.97951
1,1.65694
3,3.24814
53,53.5474
0,0.0376071
34,34.0914
0,0.540917
4,4.34792
9,9.53201
1,1.67351
3,3.32129
53,53.5472
0,0.0290662
34,34.0954
0,0.63345
4,4.61899
9,9.21007
1,1.78018
3,3.18019
53,53.5495
0,0.0414077
34,34.0898
0,0.685026
4,4.78488
9,9.09267
1,1.79214
3,3.06138
53,53.5496
0,0.0407553
34,34.0924
0,0.529192
4,4.80322
9,9.16922
1,1.86657
3,3.04594
53,53.5495
0,0.0369489
34,34.091
0,0.573264
4,4.33312
9,9.50219
1,1.97818
3,3.03248
53,53.5496
0,0.0460644
34,34.0904
0,0.650392
4,4.72225
8,9.16608
2,2.05899
2,2.81471
53,53.5513
0,0.024667
33,34.11
0,0.575002
4,4.67292
9,9.21384
1,1.76387
3,3.18771
53,53.5502
0,0.0271017
34,34.1068
0,0.710433
4,4.69477
8,9.1119
2,2.05925
2,2.83849
53,53.5513
0,0.0407126
34,34.1161
0,0.497747
4,4.33192
9,9.56529
2,2.06334
2,2.9341
53,53.5513
0,0.0226205
34,34.1354
0,0.677161
4,4.76765
8,9.08626
2,2.03438
2,2.82521
53,53.5514
0,0.0289321
34,34.1309
0,0.614964
4,4.74409
9,9.15399
2,1.99825
2,2.87776
53,53.5512
0,0.0386277
33,34.1236
0,0.514641
4,4.63566
9,9.26866
2,2.07295
2,2.89516
53,53.5513
0,0.0343403
34,34.1171
0,0.500454
4,4.27056
9,9.65411
2,2.23404
2,2.73778
53,53.5513
0,0.028209
34,34.1604
0,0.494201
4,4.69568
9,9.21221
2,2.08797
2,2.87049
53,53.5515
0,0.025501
34,34.1636
0,0.531683
4,4.628
9,9.23164
2,2.03267
2,2.93595
53,53.5513
0,0.0249004
33,34.1675
0,0.676651
4,4.59296
9,9.124
2,2.15112
2,2.81165
53,53.5516
0,0.0233339
33,34.1654
0,0.399034
4,4.26339
9,9.70935
2,2.11116
2,2.87789
53,53.5515
0,0.0223162
34,34.1686
0,0.639585
4,4.59197
9,9.21544
2,2.2795
2,2.63118
53,53.5512
0,0.0295471
34,34.1618
0,0.460179
4,4.56842
9,9.17364
3,3.2662
1,1.8893
53,53.5513
0,0.0298463
34,34.1959
0,0.423039
4,4.43994
9,9.31022
3,3.39493
1,1.75458
53,53.5513
0,0.0323861
34,34.1994
0,0.589796
4,4.24577
9,9.3034
3,3.61685
1,1.56135
53,53.5513
0,0.0306094
34,34.2033
0,0.541004
4,4.52295
9,9.07618
3,3.39743
1,1.7775
53,53.5513
0,0.0223988
34,34.2062
0,0.660481
4,4.64899
8,8.99297
2,2.51619
2,2.50166
53,53.5513
0,0.0260377
34,34.2084
0,0.435512
4,4.53824
9,9.3746
2,2.10106
2,2.86521
53,53.5513
0,0.0311856
34,34.1943
0,0.429672
4,4.31086
9,9.59001
2,2.0842
2,2.90886
53,53.5513
0,0.023256
34,34.2134
0,0.498214
4,4.64868
9,9.21791
1,1.70639
3,3.24133
53,53.5513
0,0.0443853
34,34.2222
0,0.572304
4,4.59726
9,9.24196
1,1.60753
3,3.26192
53,53.5508
0,0.0277389
34,34.2485
0,0.43604
4,4.57178
9,9.31783
1,1.8865
3,3.06074
53,53.5513
0,0.0270451
34,34.2457
0,0.508515
4,4.21393
9,9.61071
2,2.17679
2,2.7664
53,53.5512
0,0.0498716
34,34.2226
0,0.429034
4,4.51227
9,9.40223
2,2.03716
2,2.89531
53,53.5508
0,0.0255067
34,34.2487
0,0.515582
4,4.52579
9,9.31412
1,1.54189
3,3.37743
53,53.5514
0,0.0252267
34,34.2497
0,0.525375
4,4.50647
9,9.37462
1,1.79898
3,3.06878
53,53.5515
0,0.0215264
34,34.2585
0,0.46152
4,4.16961
9,9.62299
1,1.61714
3,3.39805
53,53.5514
0,0.0257689
34,34.2985
0,0.425002
4,4.58946
9,9.24108
1,1.62206
3,3.34716
53,53.5513
0,0.0324529
34,34.2881
0,0.468451
4,4.56811
9,9.22604
2,2.14181
2,2.82407
53,53.5511
0,0.0249909
34,34.3013
0,0.506218
4,4.57615
9,9.18629
1,1.67546
3,3.27822
53,53.5513
0,0.0206644
34,34.2945
0,0.49592
4,4.29714
9,9.54285
1,1.71722
3,3.18036
53,53.5515
0,0.0403356
34,34.2785
0,0.654533
4,4.60185
8,9.02894
1,1.61955
3,3.32635
53,53.5521
0,0.031861
34,34.3056
0,0.479472
4,4.6426
9,9.14843
1,1.63461
3,3.30647
53,53.5515
0,0.0260281
34,34.311
0,0.450328
4,4.63654
9,9.18594
1,1.68345
3,3.25653
53,53.552
0,0.042206
34,34.3264
0,0.478707
4,4.22288
9,9.37346
1,1.99941
3,3.10578
53,53.5515
0,0.0337254
34,34.3384
0,0.549019
4,4.5554
9,9.12841
1,1.84879
3,3.09613
53,53.552
0,0.0249598
34,34.3548
0,0.440397
4,4.55125
9,9.32481
1,1.9455
2,2.90784
53,53.5521
0,0.0220249
34,34.3546
0,0.527651
4,4.44448
9,9.24305
1,1.8241
3,3.13289
53,53.5515
0,0.0258228
34,34.3455
0,0.495046
4,4.13336
9,9.57489
1,1.9837
3,2.99184
53,53.5521
0,0.0246556
34,34.3407
0,0.584597
4,4.62878
8,9.06306
1,1.9864
2,2.92163
53,53.552
0,0.0269033
34,34.3494
0,0.679526
4,4.61147
8,8.8261
2,2.10291
2,2.95336
53,53.552
0,0.0236912
34,34.3808
0,0.604902
4,4.544
8,9.02178
2,2.00309
2,2.97174
53,53.5521
0,0.0362105
34,34.3662
0,0.532039
4,4.1747
9,9.41979
1,1.92269
3,3.09827
53,53.5521
0,0.0221964
34,34.3738
0,0.493182
4,4.66742
8,8.8603
2,2.54083
2,2.59205
53,53.5521
0,0.0491019
34,34.3512
0,0.511208
4,4.62181
8,8.95045
3,3.61911
1,1.44662
53,53.5518
0,0.0273492
34,34.3804
0,0.495764
4,4.65693
8,8.93461
2,2.29057
2,2.76441
53,53.552
0,0.0290842
34,34.3883
0,0.420936
4,4.29269
9,9.4304
2,2.10291
2,2.8845
53,53.5517
0,0.033098
34,34.3815
0,0.537267
4,4.61917
8,9.04024
2,2.19388
2,2.74406
53,53.5521
0,0.0280603
34,34.3966
0,0.605217
4,4.59957
8,8.99002
1,1.85881
3,3.07147
53,53.552
0,0.0305205
34,34.4054
0,0.505744
4,4.53318
9,9.11669
1,1.98351
2,2.97496
53,53.5521
0,0.0327075
34,34.3977
0,0.428602
4,4.2676
9,9.42921
2,2.1412
2,2.85204
53,53.5518
0,0.0578016
34,34.3743
0,0.637439
4,4.78726
8,8.82543
1,1.8221
3,3.0447
53,53.552
0,0.0226474
34,34.4178
0,0.571275
4,4.78994
8,8.84376
1,1.57398
3,3.33011
53,53.552
0,0.0278639
34,34.405
0,0.566871
4,4.63538
9,9.06292
1,1.62101
3,3.23033
53,53.5518
0,0.0266784
34,34.4219
0,0.538202
4,4.37181
9,9.30541
1,1.73896
3,3.14704
53,53.552
0,0.0408831
34,34.4016
0,0.554707
4,4.69342
8,8.83506
2,2.32322
2,2.69998
53,53.5515
0,0.0346856
34,34.4094
0,0.497758
4,4.63765
8,8.86599
3,3.0378
2,2.06562
53,53.5516
0,0.0239221
34,34.4222
0,0.527969
4,4.67011
8,8.79351
3,3.46156
1,1.65076
53,53.5521
0,0.0236494
34,34.4214
0,0.405751
4,4.30998
9,9.29245
2,2.60132
2,2.49521
53,53.5521
0,0.0218386
34,34.4252
0,0.656069
4,4.61191
8,8.89164
1,1.63201
3,3.31125
53,53.552
0,0.0263652
34,34.4274
0,0.445299
4,4.52423
9,9.24359
1,1.96954
2,2.91331
53,53.5519
0,0.0274592
34,34.4426
0,0.588014
4,4.55041
8,8.97566
1,1.88196
3,3.08369
53,53.5523
0,0.0321686
34,34.4323
0,0.456347
4,4.297
9,9.45443
1,1.76925
3,3.10835
53,53.5524
0,0.0282213
34,34.4329
0,0.645214
4,4.71294
8,8.82059
1,1.92046
2,2.98937
53,53.5518
0,0.0248551
34,34.4387
0,0.728435
4,4.69565
8,8.54155
2,2.89966
2,2.22088
53,53.5522
0,0.0252262
34,34.4434
0,0.672059
4,4.56133
8,8.72931
3,3.69454
1,1.42411
53,53.5521
0,0.0208705
34,34.4489
0,0.457842
4,4.1759
9,9.28338
3,3.79633
1,1.36615
53,53.5522
0,0.0367374
34,34.4364
0,0.672376
4,4.65063
8,8.60839
3,3.25047
1,1.89502
53,53.5521
0,0.0546791
34,34.4283
0,0.446394
4,4.64623
8,8.79938
3,3.80977
1,1.36446
53,53.5514
0,0.023873
34,34.4569
0,0.504653
4,4.69225
8,8.75991
3,3.66771
1,1.44439
53,53.552
0,0.0343743
34,34.4508
0,0.57579
4,4.23955
9,9.10383
3,3.60184
1,1.54371
53,53.5521
0,0.0320734
34,34.4583
0,0.674251
4,4.49882
8,8.84089
2,2.21841
2,2.82678
53,53.5521
0,0.0269855
34,34.4627
0,0.566987
4,4.5067
8,9.03796
1,1.59395
3,3.35354
53,53.5512
0,0.0369735
34,34.4556
0,0.507646
4,4.61919
8,8.96493
1,1.63937
3,3.32531
53,53.5514
0,0.038723
34,34.4541
0,0.493133
4,4.26282
9,9.33252
1,1.66394
3,3.30442
53,53.5521
0,0.0328396
34,34.472
0,0.593345
4,4.56911
8,8.94769
1,1.71072
3,3.22329
53,53.5515
0,0.0242849
34,34.4871
0,0.582224
4,4.65553
8,8.70611
2,2.47026
2,2.6242
53,53.5523
0,0.0238291
34,34.4883
0,0.573082
4,4.65136
8,8.71072
3,3.17824
1,1.92402
53,53.5522
0,0.0223417
34,34.5049
0,0.534928
4,4.25135
9,9.12459
2,2.85353
2,2.25862
53,53.5522
0,0.0255562
34,34.4911
0,0.750451
4,4.70079
8,8.49543
3,3.34736
1,1.73879
53,53.552
0,0.0267379
34,34.4877
0,0.453875
4,4.67787
8,8.78662
2,2.48245
2,2.63472
53,53.552
0,0.0356791
34,34.4872
0,0.540991
4,4.80947
8,8.78959
1,1.74791
3,3.13918
53,53.552
0,0.0219477
34,34.5294
0,0.613567
4,4.26967
9,9.21035
1,1.74624
3,3.15835
53,53.552
0,0.0365232
34,34.5147
0,0.492486
4,4.62124
8,8.98887
1,1.76413
3,3.13183
53,53.552
0,0.0299775
34,34.5278
0,0.62128
4,4.50006
8,8.96566
1,1.81031
3,3.0949
53,53.552
0,0.0240592
34,34.5363
0,0.58919
4,4.66621
8,8.85735
1,1.84323
3,3.03392
53,53.5522
0,0.0208552
34,34.5343
0,0.536957
4,4.20565
9,9.33526
1,1.8633
3,3.05384
53,53.5521
0,0.0302223
34,34.542
0,0.486615
4,4.68225
8,8.91739
2,2.03736
2,2.85386
53,53.552
0,0.0241167
34,34.5554
0,0.523472
4,4.64219
8,8.89043
1,1.96424
2,2.94947
53,53.5519
0,0.0300489
34,34.5602
0,0.52321
4,4.6941
8,8.85389
1,1.80532
3,3.08238
53,53.5516
0,0.022047
34,34.5893
0,0.396667
4,4.22269
9,9.34643
1,1.69457
3,3.27834
53,53.5521
0,0.0220261
34,34.5839
0,0.526911
4,4.69358
8,8.82912
1,1.70463
3,3.18953
53,53.5521
0,0.0393909
34,34.5655
0,0.647258
4,4.82081
8,8.58927
1,1.77512
3,3.11191
53,53.552
0,0.0312707
34,34.6175
0,0.650663
4,4.74795
8,8.58295
1,1.78777
3,3.13156
53,53.552
0,0.0269393
34,34.6027
0,0.417927
4,4.35183
9,9.18301
1,1.82384
3,3.14377
53,53.5521
0,0.0606737
34,34.586
0,0.456647
4,4.64703
8,8.88064
1,1.88097
3,3.03771
53,53.5519
0,0.0359752
34,34.6103
0,0.547873
4,4.68788
8,8.73996
1,1.79816
3,3.12939
53,53.5521
0,0.0323231
34,34.6246
0,0.557006
4,4.51571
8,8.92395
1,1.83589
3,3.06021
53,53.5517
0,0.0305614
34,34.6557
0,0.441324
4,4.17108
9,9.1291
2,2.14988
2,2.97197
53,53.5516
0,0.0241516
34,34.6613
0,0.436111
4,4.6158
8,8.86384
1,1.70531
3,3.24347
53,53.5521
0,0.0338275
34,34.6632
0,0.48258
4,4.70884
8,8.737
1,1.80058
3,3.12366
53,53.552
0,0.0233855
34,34.6766
0,0.663268
4,4.86902
8,8.42203
2,2.00194
2,2.89334
53,53.5521
0,0.0247467
34,34.6879
0,0.593376
4,4.45871
8,8.80895
2,2.00961
2,2.96577
53,53.5519
0,0.0390021
34,34.675
0,0.708728
4,4.9267
8,8.29953
2,2.02058
2,2.87669
53,53.5484
0,0.0797548
34,34.6242
0,0.54412
4,4.94787
8,8.44831
1,1.89521
3,3.00204
53,53.5436
0,0.0312381
34,34.6636
0,0.4816
4,4.84514
8,8.62401
1,1.91921
2,2.98104
53,53.5484
0,0.0245389
34,34.6899
0,0.430164
4,4.46776
8,9.03027
1,1.98989
2,2.9138
53,53.5484
0,0.0313258
34,34.7076
0,0.509955
4,4.8218
8,8.59893
2,2.1258
2,2.75021
53,53.5483
0,0.0235636
34,34.685
0,0.669547
4,4.64247
8,8.61468
1,1.85718
3,3.05385
53,53.5483
0,0.0349349
34,34.6981
0,0.491249
4,4.58254
8,8.81643
2,2.14287
2,2.77996
53,53.5483
0,0.0258607
34,34.7325
0,0.478549
4,4.26722
9,9.18447
1,1.88612
2,2.97093
53,53.5484
0,0.0235736
34,34.7366
0,0.672071
4,4.68985
8,8.5166
1,1.81701
3,3.09
53,53.5482
0,0.0238172
34,34.726
0,0.614448
4,4.75783
8,8.53797
2,2.0521
2,2.83387
53,53.5485
0,0.0261385
34,34.7133
0,0.677105
4,4.92625
8,8.28711
2,2.01562
2,2.90022
53,53.5484
0,0.0239081
34,34.7239
0,0.675258
4,4.50295
8,8.68696
2,2.0592
2,2.87424
53,53.5484
0,0.0271928
34,34.7249
0,0.494888
5,5.07133
8,8.35212
2,2.10229
2,2.77328
53,53.5484
0,0.0251238
34,34.7358
0,0.487163
5,5.04423
8,8.42201
1,1.95569
2,2.87559
53,53.5483
0,0.0269419
34,34.7443
0,0.543142
4,4.91767
8,8.38928
1,1.64487
3,3.27962
53,53.548
0,0.0265627
34,34.7396
0,0.434845
4,4.63687
8,8.76427
1,1.56414
3,3.3795
53,53.5481
0,0.0611699
34,34.7001
0,0.615555
4,4.9051
8,8.34272
1,1.76122
3,3.15691
53,53.5453
0,0.0730762
34,34.6886
0,0.621136
4,4.72712
8,8.55235
1,1.70499
3,3.17253
53,53.5452
0,0.0356513
34,34.7363
0,0.664864
4,4.64087
8,8.62485
1,1.77318
3,3.06719
53,53.5452
0,0.0331449
34,34.745
0,0.413614
4,4.2332
9,9.47069
1,1.84921
2,2.79747
53,53.545
0,0.0264391
34,34.7469
0,0.535336
4,4.72341
8,8.63348
1,1.89905
2,2.97804
53,53.5451
0,0.0287108
34,34.7576
0,0.482672
4,4.79408
8,8.5625
2,2.02528
2,2.892
53,53.5452
0,0.0265465
34,34.7545
0,0.694268
4,4.90949
8,8.28748
1,1.96155
2,2.90856
53,53.5452
0,0.0615073
34,34.7167
0,0.442137
4,4.68332
8,8.985
1,1.90697
2,2.7433
53,53.5412
0,0.023697
34,34.7633
0,0.576054
4,4.97366
8,8.29944
2,2.03043
2,2.88283
53,53.5519
0,0.0265062
34,34.7654
0,0.617833
5,5.15934
8,8.17293
2,2.0031
2,2.80491
53,53.5521
0,0.0328284
34,34.7602
0,0.502984
5,5.0188
8,8.34501
1,1.8613
3,3.02842
53,53.5518
0,0.0253274
34,34.7624
0,0.526056
4,4.78866
8,8.56954
1,1.91359
2,2.96424
53,53.552
0,0.0389682
34,34.759
0,0.550234
5,5.06584
8,8.24406
1,1.84667
3,3.0444
53,53.5522
0,0.0318191
34,34.7626
0,0.598136
4,4.66823
8,8.59002
2,2.06292
2,2.83479
53,53.5514
0,0.0330901
34,34.7643
0,0.481916
4,4.59735
8,8.7567
2,2.12168
2,2.7948
53,53.552
0,0.0256781
34,34.7766
0,0.559309
4,4.28728
8,8.98538
2,2.02934
2,2.88389
53,53.5521
0,0.026807
34,34.7792
0,0.572008
4,4.66782
8,8.76523
1,1.98221
2,2.75626
53,53.5522
0,0.0251288
34,34.7862
0,0.611841
4,4.78383
8,8.48276
2,2.12103
2,2.73874
53,53.5519
0,0.0232441
34,34.7855
0,0.663081
4,4.94005
8,8.30756
2,2.12654
2,2.70379
53,53.552
0,0.0241494
34,34.7897
0,0.474625
4,4.63339
8,9.11862
1,1.95646
2,2.55289
53,53.552
0,0.0499062
34,34.7591
0,0.595094
4,4.92799
8,8.29894
2,1.99145
2,2.92675
53,53.5516
0,0.0244163
34,34.7902
0,0.522275
4,4.90251
8,8.40199
2,2.0608
2,2.84752
53,53.552
0,0.025203
34,34.7913
0,0.476417
5,5.09283
8,8.27499
2,2.23382
2,2.65485
53,53.5521
0,0.0352328
34,34.7829
0,0.595837
4,4.53665
8,8.63429
1,1.98339
2,2.98099
53,53.5518
0,0.0284194
34,34.7948
0,0.495763
4,4.84518
8,8.50807
2,2.00697
2,2.87039
53,53.552
0,0.0235201
34,34.8071
0,0.436264
4,4.63128
8,8.72441
2,2.01562
2,2.91125
53,53.552
0,0.0236807
34,34.805
0,0.439302
4,4.58928
8,8.78894
2,2.08731
2,2.81542
53,53.552
0,0.0196948
34,34.8103
0,0.388019
4,4.19589
9,9.17449
2,2.04683
2,2.91356
53,53.5516
0,0.0232897
34,34.809
0,0.445479
4,4.59924
8,8.77368
1,1.93276
2,2.96599
53,53.5516
0,0.0250882
34,34.8089
0,0.487055
4,4.70552
8,8.62129
1,1.85918
3,3.04226
53,53.5516
0,0.0228979
34,34.8156
0,0.482011
4,4.8922
8,8.77435
1,1.85572
2,2.70678
53,53.5517
0,0.02138
34,34.818
0,0.419033
4,4.49077
8,8.74775
2,2.17918
2,2.87371
53,53.5517
0,0.0248601
34,34.8118
0,0.521477
4,4.93275
8,8.33579
1,1.82774
3,3.0949
53,53.5516
0,0.0362127
34,34.807
0,0.492336
5,4.9934
8,8.30275
1,1.79886
3,3.1189
53,53.552
0,0.0240851
34,34.8164
0,0.463971
4,4.86015
8,8.47556
2,2.09533
2,2.81423
53,53.552
0,0.0247529
34,34.8188
0,0.475877
4,4.51295
8,9.0303
1,1.85883
2,2.82814
53,53.5519
0,0.0418576
34,34.8017
0,0.552028
4,4.95649
8,8.2652
1,1.79761
3,3.13442
53,53.5519
0,0.0270881
34,34.8193
0,0.459316
4,4.70758
8,8.5847
2,2.00627
2,2.94542
53,53.5521
0,0.0229283
34,34.8268
0,0.417947
4,4.38869
8,8.85313
2,2.01178
3,3.02862
53,53.5521
0,0.0226497
34,34.8277
0,0.448232
4,4.16677
9,9.12449
2,2.09092
2,2.8694
53,53.552
0,0.0256863
34,34.827
0,0.434313
4,4.56281
8,8.76426
2,2.07532
2,2.86049
53,53.5518
0,0.0222463
34,34.8339
0,0.427485
4,4.55143
8,8.86073
1,1.86703
2,2.98673
53,53.5519
0,0.0247745
34,34.8326
0,0.455405
4,4.74166
8,8.40973
2,2.17955
2,2.90626
53,53.552
0,0.0373373
34,34.8205
0,0.502463
4,4.39316
8,8.67137
2,2.35909
2,2.76609
53,53.5521
0,0.0244373
34,34.8422
0,0.637127
4,4.90604
8,8.29274
1,1.94429
2,2.90317
53,53.5519
0,0.0250563
34,34.8423
0,0.602664
5,5.05439
8,8.09601
2,2.14884
2,2.78118
53,53.5523
0,0.0313177
34,34.8357
0,0.509903
4,4.98628
8,8.2259
2,2.37641
2,2.58429
53,53.5521
0,0.0261578
34,34.8447
0,0.518966
4,4.53678
8,8.67184
1,1.76438
3,3.18714
53,53.5521
0,0.0516227
34,34.8191
0,0.472945
4,4.91055
8,8.34748
2,2.16746
2,2.77918
53,53.5514
0,0.0219504
34,34.8518
0,0.461503
4,4.74739
8,8.37394
2,2.37184
2,2.72115
53,53.5522
0,0.0300201
34,34.8453
0,0.529414
4,4.47702
8,8.62863
1,1.78278
3,3.25671
53,53.5521
0,0.021718
34,34.8576
0,0.394932
4,4.23873
9,9.16993
1,1.82684
3,3.04003
53,53.5521
0,0.0247807
34,34.8608
0,0.48994
4,4.55839
8,8.68667
1,1.96819
2,2.96042
53,53.5521
0,0.0354994
34,34.8479
0,0.610435
4,4.74315
8,8.38557
2,2.00977
2,2.91752
53,53.552
0,0.046267
34,34.8434
0,0.631477
4,4.72822
8,8.20903
2,2.1431
2,2.94745
53,53.5515
0,0.0282173
34,34.8603
0,0.586628
4,4.42153
8,8.7169
2,2.13924
2,2.79637
53,53.5516
0,0.0370815
34,34.85
0,0.689631
4,4.743
8,8.29927
1,1.95738
2,2.97269
53,53.5514
0,0.0464853
34,34.8418
0,0.703294
4,4.90509
8,8.12136
1,1.9122
3,3.01954
53,53.5522
0,0.0425804
34,34.8494
0,0.700008
4,4.71555
8,8.33675
2,2.04603
2,2.85979
53,53.5522
0,0.0228649
34,34.8714
0,0.548899
4,4.5608
8,8.57218
2,2.01038
2,2.96342
53,53.5522
0,0.0505154
34,34.8471
0,0.744746
4,4.87906
8,8.19931
2,2.01664
2,2.81248
53,53.552
0,0.0397223
34,34.8602
0,0.514009
4,4.91278
8,8.32211
2,2.18042
2,2.7204
53,53.5518
0,0.0598266
34,34.8409
0,0.787312
4,4.80302
7,7.96681
2,2.28884
2,2.80267
53,53.5516
0,0.0236169
34,34.8759
0,0.470477
4,4.55153
8,8.68392
1,1.88306
3,3.0605
53,53.5521
0,0.0304266
34,34.8735
0,0.640161
4,4.76164
8,8.36301
1,1.80061
3,3.0803
53,53.5521
0,0.0475941
34,34.8603
0,0.67218
4,4.91144
8,8.16604
1,1.88846
2,3.00331
53,53.5521
0,0.044674
34,34.8655
0,0.636406
4,4.90744
8,8.17169
2,2.05561
2,2.86874
53,53.5521
0,0.0363004
34,34.8761
0,0.621091
4,4.60059
8,8.43498
1,1.96957
3,3.01158
53,53.5522
0,0.0375757
34,34.8758
0,0.632935
5,5.06485
7,8.04786
2,2.09423
2,2.79645
53,53.5519
0,0.0412301
34,34.874
0,0.539433
5,5.07116
7,7.98459
2,2.35452
2,2.68501
53,53.5523
0,0.0368328
34,34.878
0,0.532467
5,5.11056
7,8.05009
1,1.8933
3,3.0484
53,53.552
0,0.0235737
34,34.8995
0,0.60659
4,4.74365
8,8.35452
2,2.09101
2,2.83101
53,53.5522
0,0.0331729
34,34.875
0,0.610469
5,5.0629
8,8.12549
2,2.16895
2,2.67357
53,53.552
0,0.030611
34,34.8933
0,0.547694
5,5.09389
7,8.10503
1,1.79282
3,3.08615
53,53.5522
0,0.0448064
34,34.885
0,0.49056
4,5.00132
8,8.22588
1,1.86919
3,3.03203
53,53.5517
0,0.0336454
34,34.8943
0,0.567268
4,4.52822
8,8.54196
1,1.96944
3,3.01533
53,53.5521
0,0.0334214
34,34.8958
0,0.546838
5,5.09074
7,8.04532
1,1.91426
3,3.02317
53,53.552
0,0.0452849
34,34.8886
0,0.723889
5,5.21659
7,7.75633
1,1.88713
3,3.03224
53,53.5523
0,0.0267312
34,34.9116
0,0.641759
5,5.09217
7,8.07449
1,1.75257
3,3.04902
53,53.5522
0,0.0406689
34,34.8993
0,0.663342
4,4.62744
8,8.32802
1,1.98848
3,3.00223
53,53.5518
0,0.0390553
34,34.8925
0,0.726675
5,5.20685
7,7.83585
2,2.14423
2,2.70498
53,53.5525
0,0.0334866
34,34.911
0,0.623143
5,5.2387
7,7.89091
2,2.02902
2,2.82551
53,53.5549
0,0.0320791
34,34.9016
0,0.693832
5,5.22579
7,7.79028
1,1.77869
3,3.12814
53,53.5526
0,0.0438185
34,34.9016
0,0.543437
4,4.75198
8,8.37307
1,1.87596
3,3.06034
53,53.5525
0,0.0262994
34,34.9235
0,0.810192
5,5.34462
7,7.61432
1,1.65672
3,3.17493
53,53.5527
0,0.0385295
34,34.913
0,0.697367
5,5.36952
7,7.56551
1,1.90554
3,3.05947
53,53.5526
0,0.0563627
34,34.9034
0,0.766262
5,5.24917
7,7.48973
2,2.22259
2,2.86221
53,53.5518
0,0.0370859
34,34.9193
0,0.433467
4,4.73295
8,8.47674
1,1.75931
3,3.19091
53,53.5525
0,0.0322827
34,34.9274
0,0.52459
5,5.34371
7,7.78368
1,1.90779
3,3.03084
53,53.5526
0,0.0307859
34,34.9328
0,0.592365
5,5.22309
7,7.71805
2,2.3249
2,2.7282
53,53.5527
0,0.0413356
34,34.9245
0,0.720725
5,5.14709
7,7.79135
1,1.95583
2,2.96903
53,53.5522
0,0.0471679
34,34.9207
0,0.546073
4,4.61765
8,8.4887
1,1.7307
3,3.19947
53,53.5525
0,0.0267756
34,34.9468
0,0.560861
5,5.16302
7,7.93769
1,1.91684
2,2.99807
53,53.5525
0,0.0479201
34,34.9219
0,0.694677
5,5.13657
7,7.85997
2,2.09255
2,2.79653
53,53.5521
0,0.0244953
34,34.9488
0,0.476018
5,5.15813
7,7.83692
2,2.27197
2,2.83367
53,53.5522
0,0.0234591
34,34.955
0,0.518977
4,4.85326
7,8.03234
3,3.27884
1,1.88876
53,53.5533
0,0.0256187
34,34.9571
0,0.654373
5,5.20166
7,7.58407
2,2.84011
2,2.28649
53,53.5524
0,0.037064
34,34.9486
0,0.57681
5,5.30279
7,7.73469
1,1.80486
3,3.145
53,53.5521
0,0.0377594
34,34.9473
0,0.585919
5,5.1953
7,7.84185
2,2.03111
2,2.91053
53,53.5526
0,0.030959
34,34.9585
0,0.64125
4,4.64294
8,8.39836
2,2.20141
2,2.67686
53,53.5524
0,0.0295394
34,34.9635
0,0.601898
5,5.14648
7,7.86063
2,2.21781
2,2.73049
53,53.5525
0,0.0253658
34,34.9571
0,0.713149
5,5.26783
7,7.65738
2,2.08236
2,2.84716
53,53.5524
0,0.0336188
34,34.9643
0,0.519978
5,5.1574
7,7.78378
3,3.01433
2,2.0766
53,53.5527
0,0.0240643
34,34.9762
0,0.629038
4,4.7391
7,8.02631
3,3.6569
1,1.49906
53,53.5528
0,0.0270103
34,34.9723
0,0.652987
5,5.15071
7,7.61945
2,2.71518
2,2.41335
53,53.5533
0,0.0229975
34,34.9765
0,0.587726
5,5.21546
7,7.81994
2,2.02013
2,2.90787
53,53.5528
0,0.0316941
34,34.9746
0,0.546618
5,5.17546
7,7.99813
2,2.23007
2,2.59352
53,53.5526
0,0.0228315
34,34.9962
0,0.476783
4,4.56297
8,8.36057
2,2.45618
2,2.67544
53,53.5534
0,0.0246911
34,34.9832
0,0.529606
5,5.13784
7,7.72241
3,3.05884
2,2.09442
53,53.5534
0,0.0258418
34,34.9867
0,0.545072
5,5.29036
7,7.61809
3,3.02382
2,2.06085
53,53.5533
0,0.0320472
34,34.9815
0,0.574504
5,5.2555
7,7.81099
2,2.11986
2,2.77648
53,53.5534
0,0.0201506
34,34.9947
0,0.438823
4,4.65214
8,8.86672
2,2.06139
2,2.5174
53,53.5533
0,0.0279552
34,34.9893
0,0.701303
4,5.00687
7,7.90937
1,1.83635
3,3.07948
53,53.5533
0,0.0344976
34,34.9891
0,0.553436
5,5.07284
7,7.97135
1,1.5755
3,3.35423
53,53.5532
0,0.0274893
34,34.9964
0,0.61465
5,5.0343
7,7.95033
1,1.62914
3,3.29856
53,53.5531
0,0.0207467
34,35.0037
0,0.472497
4,4.58821
8,8.53204
1,1.69785
3,3.23608
53,53.5533
0,0.0241206
34,35.0052
0,0.743507
5,5.04335
7,7.83436
2,2.01547
2,2.88471
53,53.5532
0,0.0347173
34,34.9943
0,0.640356
4,4.97672
7,7.98507
2,2.11563
2,2.80405
53,53.5532
0,0.0228726
35,35.0106
0,0.468082
4,4.99032
8,8.15268
1,1.90778
3,2.9988
53,53.5532
0,0.0354608
34,35.0003
0,0.644788
4,4.57011
8,8.32338
1,1.74704
3,3.22656
53,53.5533
0,0.0266159
34,35.0204
0,0.527687
5,5.02715
7,8.0745
1,1.62768
3,3.24684
53,53.5533
0,0.0436836
34,35.0036
0,0.669568
4,4.88258
7,8.01221
2,2.17802
2,2.76119
53,53.5534
0,0.0265618
34,35.0204
0,0.460424
4,4.7148
8,8.36872
1,1.72557
3,3.23451
53,53.5531
0,0.02702
35,35.0257
0,0.518911
4,4.42888
8,8.61344
1,1.63573
3,3.30096
53,53.5533
0,0.0234296
35,35.0342
0,0.612849
4,4.9379
7,8.07465
1,1.71172
3,3.15565
53,53.5533
0,0.0222091
35,35.0348
0,0.66826
4,4.91165
7,8.04093
1,1.69332
3,3.17958
53,53.553
0,0.0249696
35,35.0376
0,0.517133
4,4.86508
8,8.24816
1,1.75884
3,3.09944
53,53.5533
0,0.0208549
35,35.0478
0,0.400082
4,4.41522
8,8.68493
1,1.76343
3,3.21918
53,53.5534
0,0.0367154
35,35.0326
0,0.528681
4,4.89544
8,8.11609
1,1.89242
3,3.04895
53,53.5531
0,0.022523
35,35.054
0,0.586914
4,4.96263
7,8.0014
2,2.07843
2,2.84501
53,53.5532
0,0.0343045
35,35.0478
0,0.481529
4,4.78007
8,8.30813
1,1.78028
3,3.11829
53,53.5533
0,0.0223308
35,35.0638
0,0.635908
4,4.38166
8,8.46626
1,1.90796
3,3.07332
53,53.5532
0,0.0221344
35,35.0735
0,0.434655
4,4.76427
8,8.16349
2,2.03925
3,3.05328
53,53.5531
0,0.0261058
34,35.0664
0,0.593256
4,4.73946
8,8.17627
2,2.09881
2,2.85057
53,53.5531
0,0.0281828
34,35.0735
0,0.473313
4,4.69046
8,8.33312
2,2.13572
2,2.81602
53,53.5531
0,0.0258816
34,35.0881
0,0.451102
4,4.2945
8,8.73345
1,1.86045
3,3.09766
53,53.5533
0,0.04356
35,35.0626
0,0.569202
4,4.60712
8,8.31823
1,1.89876
3,3.05127
53,53.5527
0,0.0280368
35,35.0981
0,0.453058
4,4.59058
8,8.44488
1,1.97355
2,2.9622
53,53.5532
0,0.0227736
35,35.1045
0,0.437024
4,4.54998
8,8.49193
1,1.96289
2,2.98159
53,53.5531
0,0.0500174
35,35.078
0,0.465612
4,4.2905
8,8.74851
1,1.96108
2,2.95696
53,53.5532
0,0.0298225
35,35.1196
0,0.447226
4,4.60465
8,8.2549
2,2.04694
3,3.04761
53,53.5531
0,0.0241251
35,35.1306
0,0.601249
4,4.6468
8,8.20542
1,1.88465
3,3.05797
53,53.5532
0,0.0267231
34,35.1305
0,0.675929
4,4.59378
8,8.24217
1,1.91766
2,2.96391
53,53.5529
0,0.0235201
35,35.1229
0,0.557172
4,4.29248
8,8.62555
2,2.02876
2,2.90002
53,53.553
0,0.0224276
34,35.1458
0,0.619195
4,4.7211
7,7.98662
2,2.70001
2,2.35605
53,53.5532
0,0.0226029
35,35.1594
0,0.434447
4,4.6132
8,8.18011
2,2.97612
2,2.16462
53,53.5532
0,0.0268949
35,35.1488
0,0.510656
4,4.49197
8,8.41069
2,2.03421
2,2.92779
53,53.5532
0,0.0218057
35,35.1829
0,0.552123
4,4.20651
8,8.60315
1,1.86339
3,3.12105
53,53.5531
0,0.0217888
35,35.2093
0,0.441825
4,4.50865
8,8.48606
1,1.85598
3,3.02737
53,53.5531
0,0.0227394
35,35.2014
0,0.535474
4,4.47116
8,8.389
1,1.73798
3,3.19277
53,53.5527
0,0.024423
35,35.1704
0,0.58345
4,4.4884
8,8.36317
1,1.9014
3,3.01929
53,53.5529
0,0.0420057
35,35.2183
0,0.385577
4,4.1035
8,8.79978
1,1.91002
3,3.0879
53,53.5532
0,0.0352092
35,35.2118
0,0.504
4,4.61279
8,8.24653
2,2.05959
2,2.88094
53,53.5531
0,0.0387955
35,35.206
0,0.614138
4,4.64015
8,8.11312
1,1.95219
2,2.98657
53,53.5532
0,0.0233541
35,35.2373
0,0.615976
4,4.55398
8,8.23708
1,1.59088
3,3.29241
53,53.5532
0,0.0217309
35,35.2536
0,0.446775
4,4.2219
8,8.59912
1,1.64146
3,3.36591
53,53.5532
0,0.0403973
35,35.2475
0,0.672654
4,4.57295
8,8.06297
1,1.6913
3,3.26133
53,53.5517
0,0.0206449
35,35.2321
0,0.781148
4,4.63584
7,7.96134
1,1.68898
3,3.23078
53,53.5532
0,0.0214879
35,35.2745
0,0.571126
4,4.5867
8,8.15359
1,1.65752
3,3.28605
53,53.5531
0,0.0216333
35,35.2729
0,0.441847
4,4.1115
8,8.70116
1,1.70258
3,3.29943
53,53.5532
0,0.0332496
35,35.2734
0,0.673537
4,4.44787
8,8.18362
2,2.1445
2,2.79441
53,53.5529
0,0.0264771
35,35.2838
0,0.456274
4,4.52115
8,8.15678
2,2.38014
2,2.72598
53,53.5533
0,0.0596046
35,35.2523
0,0.697822
4,4.52531
7,7.86813
3,3.33568
1,1.81103
53,53.5522
0,0.0211419
35,35.2815
0,0.747442
4,4.15073
8,8.20497
3,3.07845
2,2.06645
53,53.5526
0,0.0276799
35,35.3078
0,0.532067
4,4.54639
7,8.04729
2,2.85751
2,2.2323
53,53.5533
0,0.0240363
35,35.3141
0,0.64168
4,4.60132
8,8.11479
2,2.01946
2,2.83546
53,53.5532
0,0.0287966
35,35.3194
0,0.587509
4,4.4773
8,8.18294
1,1.60418
3,3.35076
53,53.5532
0,0.0257567
35,35.302
0,0.428956
4,4.25099
8,8.56575
1,1.57826
3,3.39919
53,53.5533
0,0.0277543
35,35.3261
0,0.737222
4,4.57767
7,8.04258
1,1.80262
3,3.03689
53,53.5531
0,0.0412004
35,35.3072
0,0.488299
4,4.61199
7,7.9988
3,3.10131
1,2.00127
53,53.5521
0,0.0575593
35,35.289
0,0.563683
4,4.5547
8,8.22737
1,1.7943
3,3.05992
53,53.5492
0,0.0361415
35,35.3298
0,0.556886
4,4.1895
8,8.52953
1,1.97475
2,2.93403
53,53.5529
0,0.0309811
35,35.3361
0,0.637267
4,4.49648
7,7.886
3,3.49556
1,1.66877
53,53.5533
0,0.0241605
35,35.3393
0,0.49781
4,4.63464
7,7.98641
3,3.94341
1,1.12543
53,53.5533
0,0.0253601
35,35.3593
0,0.428482
4,4.58512
7,7.99613
3,3.61021
1,1.54636
53,53.5531
0,0.021708
35,35.3583
0,0.43858
4,4.2326
8,8.40843
3,3.02052
2,2.07091
53,53.5533
0,0.0228978
35,35.3625
0,0.55675
4,4.61379
7,7.89328
2,2.31681
2,2.78531
53,53.5531
0,0.0221144
35,35.3561
0,0.597111
4,4.71423
7,7.9185
1,1.86269
3,3.07825
53,53.5532
0,0.020964
35,35.3776
0,0.50027
4,4.69937
7,8.01614
1,1.83335
3,3.10237
53,53.5531
0,0.0203823
35,35.3729
0,0.394049
4,4.27037
8,8.51223
1,1.77892
3,3.20203
53,53.5531
0,0.0508215
35,35.3532
0,0.668383
4,4.79005
7,7.60525
2,2.18689
2,2.89556
53,53.5528
0,0.0245932
35,35.3838
0,0.598861
4,4.63036
7,8.02359
1,1.97679
2,2.91299
53,53.5532
0,0.0443248
35,35.3595
0,0.573349
4,4.58595
7,8.02117
1,1.74682
3,3.21923
53,53.5532
0,0.0244801
35,35.3873
0,0.499886
4,4.25276
8,8.4112
1,1.80359
3,3.17199
53,53.5532
0,0.0371302
35,35.3692
0,0.508315
4,4.62661
8,8.4548
1,1.79523
2,2.75946
53,53.5532
0,0.0254656
35,35.3932
0,0.727781
4,4.65902
7,7.65441
3,3.18243
1,1.90867
53,53.5531
0,0.0254856
35,35.402
0,0.672447
4,4.56621
7,7.77599
3,3.50325
1,1.60556
53,53.5531
0,0.0459104
35,35.3771
0,0.402084
4,4.44947
8,8.55485
3,3.55967
1,1.162
53,53.553
0,0.03501
35,35.3918
0,0.50115
4,4.66364
7,7.8003
3,3.71626
1,1.44233
53,53.5532
0,0.0289221
35,35.3964
0,0.437971
4,4.53648
7,8.03586
3,3.70524
1,1.41003
53,53.5531
0,0.0478357
35,35.3837
0,0.544418
4,4.59821
7,7.82059
3,3.66005
1,1.49549
53,53.5526
0,0.0387131
35,35.3962
0,0.625299
4,4.22434
8,8.10779
3,3.5378
1,1.62054
53,53.5528
0,0.0226726
35,35.416
0,0.449146
4,4.63978
7,7.87922
3,3.42307
1,1.72089
53,53.5532
0,0.0233111
35,35.4152
0,0.443354
4,4.74112
7,7.7785
3,3.54959
1,1.6001
53,53.5532
0,0.0285832
35,35.4116
0,0.435904
4,4.61072
7,7.98193
3,3.27611
1,1.80569
53,53.5532
0,0.0347006
35,35.4075
0,0.592451
4,4.23036
8,8.13648
2,2.7159
2,2.4338
53,53.5532
0,0.0204724
35,35.4203
0,0.486082
4,4.509
7,8.16161
1,1.83344
3,3.11929
53,53.5531
0,0.0300819
35,35.4125
0,0.454088
4,4.71409
7,7.98573
1,1.89154
3,3.06222
53,53.5529
0,0.0216667
35,35.4252
0,0.658777
4,4.46102
7,8.03538
1,1.89704
3,3.05186
53,53.5531
0,0.0454637
35,35.4032
0,0.686333
4,4.27056
8,8.17221
1,1.93918
3,3.03288
53,53.552
0,0.0217457
35,35.4289
0,0.571973
4,4.70811
7,7.89543
1,1.88698
3,3.03815
53,53.5534
0,0.0289476
35,35.422
0,0.563708
4,4.81956
7,7.79627
2,2.04404
2,2.87682
53,53.5535
0,0.0345279
35,35.4189
0,0.574447
4,4.6009
7,7.96236
1,1.86306
3,3.09718
53,53.5535
0,0.0237131
35,35.4316
0,0.578115
4,4.2426
8,8.2992
1,1.70945
3,3.26673
53,53.5534
0,0.0254685
35,35.4319
0,0.749933
4,4.64948
7,7.8458
1,1.65141
3,3.19723
53,53.5535
0,0.0402218
35,35.42
0,0.673595
4,4.62987
7,7.84806
1,1.80726
3,3.13229
53,53.5535
0,0.0242027
35,35.4385
0,0.552482
4,4.62018
7,8.12055
1,1.86869
2,2.92696
53,53.5535
0,0.0321569
35,35.4373
0,0.499765
4,4.22543
8,8.37963
1,1.69463
3,3.28195
53,53.5534
0,0.0332889
35,35.4369
0,0.61123
4,4.59986
7,8.01556
1,1.77552
3,3.07897
53,53.5534
0,0.025308
35,35.447
0,0.63918
4,4.62793
7,7.95419
1,1.68871
3,3.16819
53,53.5534
0,0.041239
35,35.432
0,0.702939
4,4.51622
7,7.98413
2,2.19068
2,2.68426
53,53.5534
0,0.0216503
35,35.4518
0,0.556696
4,4.2299
8,8.40858
1,1.88504
2,2.99693
53,53.553
0,0.0237692
35,35.454
0,0.551648
4,4.56226
7,8.01859
1,1.8955
3,3.04494
53,53.553
0,0.0259317
35,35.4552
0,0.61853
4,4.82316
7,7.70038
2,2.09544
2,2.83196
53,53.5537
0,0.0270784
35,35.458
0,0.698481
4,4.74838
7,7.72422
2,2.03045
2,2.86369
53,53.5531
0,0.024552
35,35.4654
0,0.499655
4,4.30076
8,8.30005
2,2.01273
2,2.94758
53,53.553
0,0.0256599
35,35.4653
0,0.790868
4,4.72837
7,7.61057
1,1.77278
3,3.15709
53,53.553
0,0.0230353
35,35.4697
0,0.704504
4,4.67124
7,7.77115
1,1.84075
3,3.0705
53,53.553
0,0.0256659
35,35.472
0,0.813357
4,4.79179
7,7.54602
1,1.81302
3,3.08893
53,53.5531
0,0.0280552
35,35.4758
0,0.447746
4,4.36504
8,8.26775
1,1.85988
3,3.10659
53,53.5531
0,0.0229256
35,35.4835
0,0.636567
4,4.59344
7,7.95889
1,1.84516
3,3.0101
53,53.553
0,0.0399856
35,35.4737
0,0.45312
4,4.56593
8,8.15838
1,1.98422
2,2.87508
53,53.5529
0,0.027738
35,35.4836
0,0.438492
4,4.52091
8,8.13644
2,2.09349
2,2.8501
53,53.5529
0,0.0271642
35,35.4868
0,0.590175
4,4.19247
8,8.27043
2,2.03851
2,2.94489
53,53.5529
0,0.0332065
35,35.4825
0,0.708547
4,4.58607
7,7.88629
1,1.92945
2,2.92444
53,53.5529
0,0.0226537
35,35.5055
0,0.631458
4,4.65933
7,7.79174
2,2.00872
2,2.931
53,53.5531
0,0.0258535
35,35.4978
0,0.457588
4,4.72404
7,7.91084
2,2.09446
2,2.84018
53,53.5531
0,0.0305374
35,35.499
0,0.535825
4,4.35545
8,8.23369
2,2.17259
2,2.72353
53,53.5529
0,0.0172428
35,35.5222
0,0.624739
4,4.72956
7,7.73979
1,1.90213
3,3.01514
53,53.553
0,0.0332739
35,35.5071
0,0.6451
4,4.80282
7,7.71321
2,2.23696
2,2.61256
53,53.5531
0,0.0393984
35,35.5079
0,0.682395
4,4.74872
7,7.66237
2,2.25262
2,2.65724
53,53.5529
0,0.0227191
35,35.5285
0,0.542119
4,4.34236
8,8.15858
2,2.19104
2,2.76532
53,53.553
0,0.0265032
35,35.5198
0,0.506265
4,4.63805
7,7.99097
1,1.98165
2,2.88696
53,53.5525
0,0.0266208
35,35.5306
0,0.584552
4,4.6545
7,7.82587
1,1.90907
3,3.01914
53,53.5531
0,0.0366507
35,35.5304
0,0.75927
4,4.57203
7,7.80641
1,1.80737
3,3.03813
53,53.5532
0,0.0264007
35,35.5469
0,0.56596
4,4.24435
8,8.18343
1,1.9376
3,3.04618
53,53.5532
0,0.0340856
35,35.5429
0,0.724921
4,4.529
7,7.94752
2,2.09167
2,2.68071
53,53.553
0,0.0242138
35,35.5525
0,0.617123
4,4.6235
7,7.83541
1,1.83953
3,3.058
53,53.553
0,0.0252212
35,35.5593
0,0.609578
4,4.85163
7,7.58273
1,1.89837
3,3.02401
53,53.5531
0,0.0244567
35,35.5709
0,0.585446
4,4.46838
7,7.9546
2,2.19172
2,2.75508
53,53.553
0,0.0354279
35,35.5611
0,0.53316
4,4.84169
7,7.65588
1,1.93334
2,2.98997
53,53.5529
0,0.0439351
35,35.5522
0,0.688092
4,4.91769
7,7.43143
1,1.92257
3,2.99418
53,53.5526
0,0.0304066
35,35.5795
0,0.77714
4,4.88964
7,7.40348
2,2.00708
2,2.86361
53,53.5532
0,0.0228321
35,35.5869
0,0.616953
4,4.5725
7,7.79426
1,1.99513
2,2.96145
53,53.5528
0,0.0264529
35,35.5888
0,0.530336
4,4.89201
7,7.58166
1,1.91527
3,3.01662
53,53.5532
0,0.0350973
35,35.5776
0,0.59226
4,4.68345
7,7.82742
2,2.15317
2,2.68189
53,53.5532
0,0.0294203
35,35.5973
0,0.520716
4,4.53403
7,7.9353
1,1.89042
3,3.04415
53,53.5532
0,0.019379
35,35.6067
0,0.632361
4,4.23808
7,8.07092
1,1.91515
3,3.06818
53,53.5532
0,0.0261877
35,35.6006
0,0.447158
4,4.59562
7,7.99229
1,1.94509
2,2.94461
53,53.5536
0,0.038363
35,35.5897
0,0.716673
4,4.69404
7,7.60471
2,2.02192
2,2.8857
53,53.5535
0,0.0257485
35,35.6077
0,0.791158
4,4.80276
7,7.45672
2,2.19493
2,2.67227
53,53.5536
0,0.0210035
35,35.6114
0,0.436131
4,4.43112
8,8.09263
1,1.79988
3,3.15938
53,53.5536
0,0.0302217
35,35.6059
0,0.643942
4,4.95358
7,7.42352
1,1.64135
3,3.25291
53,53.5536
0,0.0262885
35,35.6196
0,0.476548
4,4.93509
7,7.58979
1,1.62582
3,3.2778
53,53.5533
0,0.0456723
35,35.6126
0,0.535404
4,4.94435
7,7.85193
1,1.6897
2,2.87145
53,53.5535
0,0.0215967
35,35.6359
0,0.599794
4,4.51519
7,7.83431
1,1.68977
3,3.25463
53,53.5537
0,0.0228812
35,35.6357
0,0.684153
4,4.88974
7,7.44109
1,1.93495
2,2.94244
53,53.5536
0,0.0231482
35,35.6376
0,0.530677
4,4.73185
7,7.73539
1,1.71147
3,3.18058
53,53.5531
0,0.0299591
35,35.6397
0,0.484443
4,4.61202
7,7.87236
1,1.76685
3,3.14567
53,53.5532
0,0.0310105
35,35.632
0,0.420141
4,4.28593
8,8.32036
1,1.86464
2,2.99701
53,53.5532
0,0.0300537
35,35.6421
0,0.5912
4,4.62903
7,7.80451
1,1.89384
2,2.96026
53,53.5533
0,0.0228114
35,35.6496
0,0.696059
4,4.72189
7,7.5416
1,1.96959
2,2.94919
53,53.5533
0,0.0408664
35,35.6371
0,0.712163
4,4.78636
7,7.4735
1,1.7765
3,3.11977
53,53.5533
0,0.0437379
35,35.6375
0,0.741044
4,4.66363
7,7.56518
1,1.821
3,3.07754
53,53.5527
0,0.0353208
35,35.642
0,0.634456
4,4.94305
7,7.40809
1,1.70666
3,3.18121
53,53.5532
0,0.0320684
35,35.6522
0,0.531084
4,4.99355
7,7.48807
1,1.77792
3,3.07589
53,53.5532
0,0.0259766
35,35.6594
0,0.684193
5,5.14998
7,7.17824
1,1.98116
2,2.87202
53,53.5532
0,0.0499685
35,35.6371
0,0.639218
4,4.54894
7,7.72358
2,2.28029
2,2.67092
53,53.5523
0,0.026606
35,35.664
0,0.790211
5,4.9943
7,7.23953
2,2.04913
2,2.78646
53,53.5532
0,0.0581134
35,35.6253
0,0.607407
4,4.71607
7,7.62976
2,2.01574
2,2.89065
53,53.5533
0,0.0223252
35,35.6657
0,0.595248
4,4.49865
7,7.87684
2,2.12753
2,2.76446
53,53.5532
0,0.0292055
35,35.6626
0,0.599495
4,4.22478
7,8.084
2,2.0854
2,2.86435
53,53.5525
0,0.0271925
35,35.6619
0,0.584214
4,4.55364
7,7.7559
2,2.0439
2,2.92422
53,53.5534
0,0.0305796
35,35.6598
0,0.577519
4,4.62307
7,7.68729
2,2.16145
2,2.81145
53,53.5533
0,0.0340466
35,35.6565
0,0.504665
4,4.79722
7,7.66533
2,2.12324
2,2.7701
53,53.5535
0,0.030962
35,35.6641
0,0.489343
4,4.52266
7,7.89807
1,1.98923
2,2.95676
53,53.5535
0,0.0475657
35,35.6496
0,0.630008
5,5.00474
7,7.2951
1,1.89952
3,3.02414
53,53.5536
0,0.0444439
35,35.6482
0,0.546992
5,5.00169
7,7.35979
1,1.75892
3,3.19016
53,53.5533
0,0.0353333
35,35.6608
0,0.623292
5,5.20306
7,7.18091
1,1.74587
3,3.10189
53,53.5534
0,0.039153
35,35.6571
0,0.606869
4,4.6445
7,7.6071
1,1.83735
3,3.15927
53,53.5535
0,0.0322071
35,35.6662
0,0.558683
4,4.97253
7,7.35934
1,1.827
3,3.13505
53,53.5536
0,0.0220395
35,35.679
0,0.579417
4,4.68896
7,7.63254
1,1.77868
3,3.17003
53,53.5536
0,0.0331389
35,35.6687
0,0.608516
4,4.48529
7,7.82393
1,1.72307
3,3.20797
53,53.5533
0,0.0248998
35,35.6778
0,0.454804
4,4.1379
8,8.34327
1,1.7972
3,3.11517
53,53.5533
0,0.0272687
35,35.6755
0,0.43928
4,4.60739
7,7.90086
1,1.98886
2,2.91158
53,53.5533
0,0.0247686
35,35.6782
0,0.493992
4,4.70026
7,7.67983
1,1.90689
3,3.06642
53,53.5533
0,0.0232684
35,35.68
0,0.488887
4,4.70349
7,7.70255
1,1.92233
3,3.03026
53,53.5533
0,0.0366458
35,35.6671
0,0.574374
4,4.36775
7,7.74325
2,2.28269
2,2.87937
53,53.5533
0,0.0273448
35,35.6771
0,0.560252
5,5.02512
7,7.29615
1,1.92001
3,3.04464
53,53.5533
0,0.0312494
35,35.6725
0,0.584247
5,5.14958
7,7.15496
2,2.02036
2,2.93767
53,53.5533
0,0.0299161
35,35.6748
0,0.58556
4,4.97085
7,7.41088
2,2.10779
2,2.77105
53,53.5533
0,0.0280693
35,35.6758
0,0.561307
4,4.53715
7,7.5345
0,0.108576
5,5.10536
53,53.5531
15362500,15425000,15373500,15363000,15277500,15385000,15233500,15340500,15367000,15393000,15454500,15647000,15359500,15321500,15414000,15370000,15412000,15547000,15636500,15605500,15516000,15520000,15410500,15245500,15413000,15272500,15399000,15418500,15229500,15248500,15220000,15317000,15326000,15298000,15271000,15249500,15352000,15398000,15244500,15290000,15417000,15432000,15466000,15410500,15439500,15562000,15644000,15789500,15505500,15618000,15652000,15644500,15440500,15339000,15247000,15346500,15217000,15450000,15490000,15316500,15418000,15380000,15387000,15476000,15438500,15623500,15547500,15572500,15607000,15726000,15878000,15667000,15408500,15410000,15444000,15531000,15569000,15717500,15250500,15224000,15225500,15239000,15375000,15352000,15266500,15273500,15418000,15457000,15417000,15255000,15289500,15259000,15201500,15275000,15297000,15258000,15298000,15361500,15403000,15307000,15344000,15267000,15215000,15230000,15296000,15213000,15369000,15341500,15279000,15195500,15321500,15396500,15366500,15252000,15308500,15266000,15351500,15433000,15449000,15333500,15448000,15298500,15422500,15598500,15601000,15456500,15792000,15831500,15517000,15270000,15257500,15287500,15638000,15681500,15653000,15716500,15587000,15662000,15563500,15490000,15459000,15222000,15218500,15254000,15200500,15216500,15242500,15356500,15270500,15298000,15395000,15404500,15628000,15277000,15244000,15330000,15289000,15280500,15325500,15242000,15226000,15382000,15388500,15356000,15368000,15615500,15654500,15640500,15665500,15622500,15662500,15525000,15396000,15634500,15634500,15725500,15762500,15677500,15925000,15827500,15448000,15385500,15493500,15506000,15425000,15790500,15445500,15230500,15214500,15284000,15561500,15669000,15507500,15263500,15656000,15827000,15879000,15415000,15485500,15269500,15302000,15294500,15269500,15335000,15644500,15272500,15241000,15257000,15268000,15251000,15269000,15261000,15340000,15477500,15478000,15452000,15359500,15376500,15374500,15349500,15350000,15442000,15355500,15559500,15467500,15419000,15412000,15168000,15526500,15469000,15650000,15464500,15447000,15270500,15383000,15442500,15380000,15432500,15366500,15419000,15204500,15409000,15360000,15285000,15346000,15388500,15394500,15375000,15277000,15327500,15140500,15172500,15334500,15500000,15453500,15471000,15365500,15307000,15101500,15165500,15264500,15671000,15793500,15531000,15621500,15609000,15372000,15390000,15530000,15545500,15399000,15378500,15369000,15434500,15381000,15300000,15153500,15271500,15180500,15747000,15828500,15417000,15427500,15515000,15636000,15535000,15412000,15478000,15488500,15232500,15327000,15296000,15390000,15435500,15346500,15346500,15399500,15444500,15400500,15359000,15435000,15405500,15109500,15085500,15087000,15279500,15415500,15412000,15395500,15360000,15365500,15373000,15358000,15264500,15352500,15375000,15424000,15402500,15374000,15399500,15458500,15348500,15385000,15377000,15303500,15322000,15344000,15311500,15074500,15444500,15501500,15470000,15443500,15431000,15322000,15129500,15089500,15110000,15245500,15225500,15342500,15385000,15456500,15511500,15861000,15754500,15529500,15641500,15602000,15624500,15701500,15546000,15347500,15269000,15314000,15530500,15389500,15273000,15422000,15411500,15456500,15538000,15425000,15394500,15369500,15416000,15380000,15426000,15429000,15431500,15450000,15448000,15417500,15305000,15115500,15105500,15139000,15163500,15216000,15136500,15103000,15125000,15120500,15090000,15107000,15604000,15747500,15752500,15833000,15765000,15519000,15443000,15464500,15461500,15496000,15453000,15467500,15435500,15513000,15451500,15439000,15412000,15430500,15447500,15692500,15740000,15500000,15440000,15357000,15648000,15465500,15251500,15281500,15313000,15258500,15283000,15311000,15345500,15173000,15116000,15201500,15311500,15262500,15382500,15350500,15423000,15634500,15371000,15352000,15875000,15795500,15765500,15590500,15565500,15637500,15601500,15598500,15622500,15638500,15703500,15637000,15605500,15573000,15423500,15385000,15431000,15671000,15630500,15291000,15341000,15272500,15328500,15407500,15363500,15420500,15394000,15566000,15397500,15472500,15438000,15268500,15259000,15279000,15617500,15351000,15295500,15276500,15246000,15298000,15384500,15394000,15446500,15448500,15425500,15414500,15402000,15388000,15395500,15418500,15456000,15419500,15460000,15404500,15393000,15443000,15388500,15435500,15413000,15420500,15409000,15467500,15395500,15403500,15387000,15406500,15390000,15434000,15426500,15455500,561000
