0,0.0491902
37,37.6406
0,0.788025
8,8.28848
9,10.2404
3,3.24614
3,3.13524
62,63.394
0,0.0398258
35,35.5627
0,0.987802
8,8.1097
12,12.5697
3,3.10868
3,3.01429
63,63.395
0,0.0430508
35,35.5857
1,1.22053
7,7.94955
12,12.5658
3,3.5819
2,2.44404
63,63.394
0,0.0407978
35,35.5618
0,0.782201
6,6.97707
13,13.8203
3,3.17138
3,3.03621
63,63.3937
0,0.0494028
35,35.5606
0,0.895555
7,7.72029
12,13.0123
3,3.14182
3,3.0099
63,63.394
0,0.0611161
35,35.5651
0,0.850872
7,7.64492
12,13.0812
3,3.17873
3,3.00934
63,63.394
0,0.0373578
35,35.5773
0,0.933831
7,7.53534
13,13.134
3,3.5088
2,2.66471
63,63.3941
0,0.0371905
35,35.5838
0,0.966164
6,6.95167
13,13.7221
3,3.24713
2,2.88365
63,63.394
0,0.0400144
35,35.5938
1,1.01099
7,7.55393
12,13.0032
3,3.31626
2,2.8737
63,63.394
0,0.0568679
35,35.5755
0,0.772172
7,7.32611
13,13.5287
3,3.47353
2,2.65776
63,63.3931
0,0.0518633
35,35.5653
0,0.810351
7,7.29992
13,13.4998
3,3.43794
2,2.7254
63,63.394
0,0.0349085
35,35.5762
0,0.629091
6,6.6672
14,14.3189
3,3.40749
2,2.7579
63,63.394
0,0.0507393
35,35.5654
0,0.777394
7,7.16605
13,13.666
3,3.18441
2,2.98053
63,63.394
0,0.100855
35,35.5144
1,0.999215
7,7.29446
13,13.342
3,3.39889
2,2.74119
63,63.3934
0,0.0693881
35,35.563
1,0.988668
7,7.21267
13,13.3223
3,3.34168
2,2.89411
63,63.394
0,0.0502137
35,35.5708
0,0.983093
6,6.75761
13,13.9885
2,2.94776
3,3.09365
63,63.3939
0,0.0944899
35,35.5273
1,1.11684
7,7.43316
12,12.9991
3,3.29687
2,2.92296
63,63.3936
0,0.0388794
35,35.5695
0,0.721395
7,7.54201
13,13.3163
2,2.88059
3,3.32261
63,63.3939
0,0.0409998
35,35.577
0,0.908127
7,7.70864
12,13.0061
3,3.03158
3,3.11813
63,63.3934
0,0.0375672
35,35.5825
1,1.01068
7,7.25307
13,13.3897
3,3.07315
3,3.04433
63,63.3939
0,0.0566455
35,35.5711
0,0.968912
7,7.67922
13,13.1563
3,3.52321
2,2.43548
63,63.3938
0,0.0688676
35,35.5609
0,0.981261
7,7.93423
12,12.6934
3,3.46743
2,2.68481
63,63.3938
0,0.0464695
35,35.5869
1,1.05845
7,7.9424
12,12.6425
3,3.40884
2,2.7053
63,63.3938
0,0.0404506
35,35.5879
0,0.977487
7,7.46901
13,13.3698
3,3.97245
1,1.97281
63,63.394
0,0.0777939
35,35.5932
1,1.12804
8,8.19541
12,12.475
4,4.16537
1,1.75489
63,63.3943
0,0.0564004
35,35.6424
1,1.02053
8,8.24427
12,12.356
3,3.56113
2,2.51042
63,63.3944
0,0.0811366
35,35.619
1,1.02048
8,8.24948
12,12.3749
3,3.47368
2,2.57085
63,63.3947
0,0.0476641
35,35.4969
0,0.977953
7,7.81515
12,12.9589
3,3.38363
2,2.71038
63,63.3945
0,0.0545797
35,35.6149
0,0.954308
8,8.59941
12,12.1269
3,3.21445
2,2.82622
63,63.3946
0,0.0703483
35,35.5973
0,0.992424
8,8.7963
11,11.8331
3,3.17828
2,2.9213
63,63.3945
0,0.0767144
35,35.5913
1,1.13615
8,8.52431
11,11.965
3,3.3705
2,2.72691
63,63.3947
0,0.0412199
35,35.6189
0,0.898835
7,7.91398
12,12.8391
3,3.23527
2,2.84387
63,63.3946
0,0.0571091
35,35.6027
0,0.948245
8,8.80012
11,11.9201
3,3.57194
2,2.49043
63,63.3946
0,0.0441571
35,35.6293
1,1.35749
9,9.05491
11,11.2941
3,3.72411
2,2.28674
63,63.3946
0,0.0617684
35,35.6093
1,1.04272
8,9.00293
11,11.6263
3,3.4128
2,2.63532
63,63.3946
0,0.0592352
35,35.5988
1,1.16022
8,8.13146
12,12.4421
4,4.09502
1,1.90342
63,63.3947
0,0.0463479
35,35.6254
1,1.09232
8,8.9311
11,11.6439
3,3.58429
2,2.46752
63,63.3945
0,0.0426063
35,35.6187
1,1.08107
8,8.98177
11,11.6154
3,3.79825
2,2.25228
63,63.3945
0,0.0727734
35,35.585
1,0.991336
8,8.81957
11,11.5451
5,5.33138
1,1.04616
63,63.3942
0,0.073743
35,35.5936
0,0.916921
8,8.25066
12,12.3367
3,3.62047
2,2.59856
63,63.3946
0,0.04415
35,35.6284
0,0.914598
8,8.87159
11,11.8644
3,3.25574
2,2.81202
63,63.3946
0,0.0567289
35,35.6106
0,0.892022
8,8.83761
11,11.8309
3,3.43591
2,2.72747
63,63.3946
0,0.0863309
35,35.5847
0,0.894709
8,8.47505
12,12.2267
3,3.73548
2,2.38865
63,63.3945
0,0.0405736
35,35.6296
1,1.12647
7,8.04007
12,12.4902
3,3.00684
3,3.05756
63,63.3946
0,0.0409596
35,35.6253
1,1.15505
8,8.52554
11,12.0347
2,2.90101
3,3.10789
63,63.3946
0,0.0731775
35,35.594
0,0.938406
7,7.98501
12,12.6623
3,3.06029
3,3.07755
63,63.3946
0,0.0638329
35,35.6046
0,0.890549
7,7.77973
12,12.8778
3,3.99033
2,2.18441
63,63.3941
0,0.0371378
35,35.6325
1,1.03972
7,7.18307
13,13.3702
4,4.22284
1,1.89996
63,63.3946
0,0.0422243
35,35.6213
0,0.855643
7,7.51715
13,13.161
3,3.31424
2,2.87972
63,63.394
0,0.0542348
35,35.606
0,0.837465
7,7.47412
13,13.2385
2,2.86314
3,3.31694
63,63.3938
0,0.0445177
35,35.6176
0,0.879968
7,7.33573
13,13.3262
2,2.99417
3,3.19324
63,63.3943
0,0.0690829
35,35.5951
0,0.93122
6,6.93634
13,13.7806
3,3.01195
3,3.06716
63,63.394
0,0.04013
35,35.6197
0,0.80133
7,7.66691
12,13.0323
3,3.33628
2,2.89417
63,63.3939
0,0.0973383
35,35.565
0,0.966191
7,7.30809
13,13.2408
3,3.18079
3,3.03167
63,63.3933
0,0.0384729
35,35.7311
0,0.789483
7,7.18867
13,13.5231
3,3.45496
2,2.66519
63,63.394
0,0.0593396
35,35.6785
0,0.735735
6,6.63936
13,14.0014
3,3.37861
2,2.8974
63,63.3936
0,0.0612053
35,35.6739
0,0.764468
7,7.24145
13,13.564
3,3.45497
2,2.62968
63,63.3933
0,0.0387588
35,35.6986
1,1.0994
7,7.34937
12,12.984
3,3.72028
2,2.50019
63,63.394
0,0.101779
35,35.6788
1,1.07286
7,7.15989
13,13.2916
3,3.40829
2,2.67766
63,63.3939
0,0.0659879
35,35.7167
0,0.880781
6,6.77046
13,13.7911
3,3.62795
2,2.5377
63,63.3937
0,0.0779389
35,35.6998
0,0.792523
7,7.56093
12,12.9984
4,4.39389
1,1.86735
63,63.3938
0,0.0797777
35,35.7003
1,1.0994
7,7.46037
12,12.7127
5,5.61244
0,0.725354
63,63.3938
0,0.0562404
35,35.7153
0,0.766954
7,7.60522
12,12.8538
5,5.64893
0,0.743948
63,63.3935
0,0.038048
35,35.7479
1,1.08308
7,7.20073
12,13.0393
4,4.02064
2,2.26152
63,63.394
0,0.0852253
35,35.7345
1,1.02599
7,7.84674
12,12.5793
3,3.38667
2,2.73276
63,63.394
0,0.0456484
35,35.7782
0,0.899438
8,8.22469
12,12.2236
2,2.79209
3,3.42734
63,63.3938
0,0.0973949
35,35.7185
0,0.84257
8,8.02256
12,12.5724
3,3.27477
2,2.86323
63,63.3939
0,0.0415437
35,35.7774
0,0.810527
7,7.5165
12,13.0755
3,3.41293
2,2.75642
63,63.394
0,0.0408395
35,35.7826
0,0.92356
8,8.3187
12,12.2398
2,2.77642
3,3.30942
63,63.394
0,0.0414202
35,35.8169
1,1.07546
8,8.36332
11,11.9955
2,2.70361
3,3.39457
63,63.3939
0,0.0452301
35,35.7767
1,1.07841
8,8.48383
11,11.8893
3,3.38432
2,2.73312
63,63.394
0,0.0475318
35,35.7716
0,0.799339
8,8.07966
12,12.5067
2,2.79031
3,3.39581
63,63.3939
0,0.0451601
35,35.8149
0,0.935257
8,8.58164
11,11.8817
2,2.67041
3,3.45865
63,63.3941
0,0.0440605
35,35.813
0,0.91663
8,8.77182
11,11.7614
2,2.88202
3,3.2019
63,63.3941
0,0.0447296
35,35.8097
1,1.09942
8,8.71539
11,11.6288
3,3.20967
2,2.88316
63,63.3941
0,0.0464416
35,35.8119
0,0.817268
7,7.83266
12,12.8215
3,3.1278
2,2.93371
63,63.3942
0,0.0446051
35,35.8195
1,1.20086
8,8.70051
11,11.5323
3,3.33275
2,2.76025
63,63.3936
0,0.106839
35,35.7485
1,1.07764
8,8.75695
11,11.5
3,3.38577
2,2.81407
63,63.3936
0,0.124728
35,35.7317
1,0.99742
8,8.62426
11,11.6915
3,3.25715
2,2.96333
63,63.3933
0,0.104804
35,35.7604
1,1.1711
8,8.15381
12,12.0557
4,4.16964
1,1.97602
63,63.3944
0,0.0526378
35,35.8015
0,0.954162
8,8.61732
11,11.7849
4,4.81461
1,1.36594
63,63.3943
0,0.0587728
35,35.8382
1,1.01509
8,8.66369
11,11.7172
3,3.57597
2,2.52162
63,63.3941
0,0.0398016
35,35.8582
0,0.985425
8,8.535
11,11.7959
3,3.19704
2,2.97985
63,63.3941
0,0.0655139
35,35.8334
0,0.94015
7,7.63019
12,12.7488
3,3.56581
2,2.6071
63,63.394
0,0.0575791
35,35.8404
0,0.945472
8,8.63654
11,11.8563
2,2.95811
3,3.09683
63,63.3943
0,0.106702
35,35.7884
0,0.841679
8,8.58525
11,11.9799
2,2.75383
3,3.33436
63,63.3934
0,0.043239
35,35.8568
0,0.822611
8,8.42959
12,12.0897
3,3.4035
2,2.74585
63,63.3943
0,0.0389974
35,35.8677
0,0.769555
7,7.67628
12,12.6388
5,5.16864
1,1.23178
63,63.3943
0,0.0729225
35,35.822
0,0.864375
8,8.26811
12,12.1547
4,4.67527
1,1.53316
63,63.3937
0,0.0811902
35,35.814
1,1.04705
7,7.88326
12,12.4548
2,2.95821
3,3.1524
63,63.3941
0,0.057113
35,35.8605
0,0.950575
7,7.63894
12,12.7238
3,3.29378
2,2.86612
63,63.3936
0,0.0538599
35,35.8759
0,0.727234
6,6.95039
13,13.5541
3,3.13969
3,3.08945
63,63.3942
0,0.051055
35,35.8731
0,0.891133
7,7.53196
12,12.7108
5,5.86442
0,0.469092
63,63.3944
0,0.0513339
35,35.8719
0,0.77845
7,7.513
12,12.7586
6,6.08912
0,0.327996
63,63.3941
0,0.0404519
35,35.8927
1,1.1089
7,7.31954
12,12.7325
5,5.80304
0,0.494257
63,63.3943
0,0.055665
35,35.8742
0,0.688543
6,6.75756
13,13.6609
6,6.15373
0,0.200743
63,63.3943
0,0.0650587
35,35.8744
0,0.766178
7,7.56023
13,13.3524
3,3.57176
2,2.20001
63,63.3936
0,0.0390665
35,35.9043
1,1.24145
7,7.17604
12,12.9513
2,2.76623
3,3.31293
63,63.3941
0,0.038109
35,35.9013
0,0.971064
7,7.07017
13,13.2325
2,2.84105
3,3.33725
63,63.3942
0,0.0383594
35,35.9041
1,1.02102
6,6.60488
13,13.5692
4,4.50741
1,1.74649
63,63.3943
0,0.0388171
35,35.9004
0,0.840935
7,7.25811
12,13.0227
4,4.8365
1,1.49316
63,63.3943
0,0.0394262
35,35.914
0,0.875631
7,7.3859
12,12.7938
4,4.97638
1,1.40634
63,63.3943
0,0.0557203
35,35.901
0,0.81456
7,7.33493
13,13.1157
2,2.92123
3,3.24733
63,63.394
0,0.0510835
35,35.9036
0,0.759199
7,7.04152
13,13.3736
2,2.87256
3,3.38993
63,63.3941
0,0.0676463
35,35.8875
0,0.970578
7,7.55796
12,12.6891
3,3.00266
3,3.21561
63,63.3941
0,0.0635362
35,35.8906
0,0.967541
7,7.78838
12,12.4988
3,3.20364
2,2.9778
63,63.3938
0,0.05385
35,35.9008
0,0.834665
7,7.79792
12,12.6356
3,3.30845
2,2.85959
63,63.394
0,0.0648987
35,35.8921
0,0.782108
7,7.36178
13,13.1331
2,2.88629
3,3.27034
63,63.3938
0,0.0721114
35,35.8911
0,0.958992
7,7.96346
12,12.4295
2,2.86429
3,3.21087
63,63.3935
0,0.0745889
35,35.8942
1,1.16208
8,8.25998
11,11.8979
2,2.9038
3,3.19737
63,63.3937
0,0.0515325
35,35.9155
0,0.851487
8,8.08521
12,12.2749
3,3.07373
3,3.13847
63,63.3941
0,0.102372
35,35.8684
0,0.770609
7,7.55792
12,12.8858
3,3.08935
3,3.11638
63,63.3934
0,0.0979687
35,35.8715
0,0.952743
8,8.27813
11,12.0619
3,3.36661
2,2.76068
63,63.3934
0,0.0460147
35,35.9245
0,0.983607
8,8.47883
11,11.8212
2,2.83092
3,3.30659
63,63.3941
0,0.0697438
35,35.9017
1,1.00457
8,8.48989
11,11.7791
3,3.32704
2,2.81875
63,63.3939
0,0.0412262
35,35.95
1,1.05643
8,8.04628
12,12.178
3,3.40039
2,2.71791
63,63.3938
0,0.091539
35,35.8985
1,1.05341
8,8.66149
11,11.5626
3,3.1483
2,2.97492
63,63.3936
0,0.0440594
35,35.9537
1,1.0805
8,9.00516
11,11.3012
3,3.38368
2,2.62238
63,63.3941
0,0.0436887
35,35.9484
1,1.00658
8,8.91673
11,11.4225
3,3.29857
2,2.75472
63,63.3941
0,0.0699841
35,35.9279
1,1.00242
8,8.17759
12,12.0507
3,3.2827
2,2.87963
63,63.3941
0,0.0642606
35,35.9315
1,1.02613
8,9.01556
11,11.2053
3,3.14004
2,3.00801
63,63.3941
0,0.0459131
35,35.949
0,0.878559
8,8.73466
11,11.6722
3,3.4121
2,2.69846
63,63.3941
0,0.044281
35,35.9611
1,1.01539
8,8.86027
11,11.4592
3,3.54944
2,2.50172
63,63.3942
0,0.0409966
35,35.9666
1,1.02763
8,8.01748
12,12.2692
3,3.10331
2,2.96597
62,63.3941
0,0.0710772
35,35.9395
1,1.05094
8,8.68119
11,11.5486
2,2.6897
3,3.41008
63,63.3941
0,0.0421812
35,35.9681
1,1.01942
8,8.55012
11,11.6603
3,3.19645
2,2.95442
63,63.3941
0,0.0899436
35,35.9255
1,1.22665
8,8.46855
11,11.618
3,3.01291
3,3.04871
63,63.3934
0,0.0405308
35,35.9741
0,0.956332
7,7.69965
12,12.6383
3,3.13599
2,2.94596
63,63.3941
0,0.0757194
35,35.9377
0,0.89469
8,8.38287
11,11.9631
3,3.23977
2,2.89686
63,63.3939
0,0.0620611
35,35.9669
0,0.938644
8,8.23047
12,12.0612
3,3.37467
2,2.75701
63,63.3939
0,0.0608141
35,35.9715
0,0.988454
8,8.27775
11,11.9414
3,3.50043
2,2.65001
63,63.394
0,0.056928
35,35.9714
0,0.848334
7,7.34409
12,12.9455
3,3.20142
3,3.02299
63,63.3938
0,0.0905734
35,35.9425
1,1.04077
7,7.98669
12,12.2051
3,3.12116
3,3.00367
63,63.3935
0,0.0410516
35,35.9937
0,0.740616
7,7.59248
12,12.9115
3,3.48765
2,2.62415
63,63.3941
0,0.0409115
35,35.9901
0,0.799833
7,7.62804
13,13.0846
3,3.24805
2,2.59941
63,63.3941
0,0.0927205
35,35.9398
0,0.928604
6,6.75723
13,13.5124
3,3.55413
2,2.60545
63,63.3933
0,0.0898761
35,35.9514
1,1.00053
7,7.2475
12,12.9287
3,3.26763
2,2.90484
63,63.3934
0,0.0550917
35,35.9892
0,0.892257
7,7.32028
12,13.0364
3,3.40105
2,2.69589
63,63.3933
0,0.0546971
35,35.989
0,0.810886
7,7.26352
13,13.0857
3,3.54043
2,2.64715
63,63.3939
0,0.0542841
35,35.9941
0,0.929053
6,6.66946
13,13.587
3,3.30852
2,2.8489
63,63.3939
0,0.045446
35,36.0085
1,1.12724
7,7.3883
12,12.826
3,3.52122
2,2.47408
63,63.3941
0,0.0405006
35,36.0092
0,0.982531
7,7.14537
12,13.0464
3,3.35349
2,2.81407
63,63.3941
0,0.0858943
35,35.9744
1,0.991068
7,7.16921
12,12.9702
3,3.05011
3,3.14983
63,63.3934
0,0.0439613
36,36.0172
0,0.681993
6,6.71675
13,13.7515
3,3.31535
2,2.86478
63,63.394
0,0.0658307
35,35.9922
1,1.09745
7,7.14139
12,12.9068
3,3.07118
3,3.11455
63,63.3925
0,0.038274
36,36.0201
0,0.877863
7,7.45175
12,12.826
3,3.29691
2,2.87951
63,63.394
0,0.0602362
35,36.002
0,0.920913
7,7.32961
12,12.9679
3,3.02922
3,3.08097
63,63.3938
0,0.0407412
35,36.0207
1,1.03135
6,6.98908
13,13.2279
3,3.24656
2,2.83532
63,63.394
0,0.0653163
35,35.9966
0,0.819102
7,7.78025
12,12.5288
3,3.4787
2,2.72214
62,63.3938
0,0.0660249
35,35.9989
1,1.13698
7,7.73791
12,12.3046
3,3.25898
2,2.88771
63,63.3936
0,0.0730886
35,36.0004
1,1.02544
7,7.72584
12,12.3542
3,3.80467
2,2.4074
63,63.3941
0,0.0607597
35,36.0117
1,1.04943
7,7.4366
12,12.6007
3,3.2881
2,2.94307
63,63.3936
0,0.0462894
35,36.0295
0,0.877026
7,7.96306
12,12.4486
3,3.65757
2,2.36921
63,63.3941
0,0.0833686
36,35.9987
1,1.14137
8,8.15301
11,11.8851
3,3.20645
2,2.92225
63,63.394
0,0.0432787
36,36.032
0,0.866152
8,8.06566
12,12.2831
3,3.85041
2,2.25039
63,63.394
0,0.0415871
36,36.0405
1,1.19458
7,7.57614
12,12.4029
3,3.01278
3,3.12254
63,63.394
0,0.121745
35,35.9619
0,0.967435
8,8.33259
11,11.8742
3,3.278
2,2.8525
63,63.3915
0,0.0578809
36,36.0274
0,0.830822
8,8.3219
11,12.0283
3,3.53921
2,2.58195
63,63.3914
0,0.0645915
35,36.0203
1,1.05515
8,8.60436
11,11.6595
3,3.44298
2,2.54148
63,63.3918
0,0.0715709
36,36.015
0,0.93353
7,7.90847
12,12.3305
3,3.18049
2,2.94915
63,63.3919
0,0.0452518
36,36.048
1,1.3741
8,8.51553
11,11.401
3,3.48102
2,2.52585
63,63.394
0,0.052174
36,36.0431
0,0.975723
8,8.77096
11,11.4389
3,3.40281
2,2.70732
63,63.3939
0,0.126784
35,35.9646
1,1.01232
8,8.75757
11,11.3638
3,3.65978
2,2.50539
63,63.3938
0,0.0449421
35,36.0637
1,1.05707
7,7.96388
12,12.1557
3,3.0622
3,3.04349
63,63.3939
0,0.055177
36,36.0541
0,0.942528
8,8.7461
11,11.5153
3,3.28901
2,2.78844
63,63.3939
0,0.0745395
36,36.0361
1,1.04423
8,8.61913
11,11.4963
3,3.30712
2,2.81272
63,63.3936
0,0.0824648
36,36.023
1,1.21757
8,8.35792
11,11.6132
3,3.85787
2,2.23882
63,63.394
0,0.0606098
36,36.0499
1,1.13656
7,7.729
12,12.3666
3,3.32392
2,2.72409
63,63.3939
0,0.0430784
36,36.0658
1,1.09465
8,8.38001
11,11.7068
3,3.48697
2,2.61311
63,63.3942
0,0.0545228
36,36.0575
0,0.94116
8,8.45404
11,11.7737
3,3.10889
3,3.0013
63,63.3941
0,0.0434517
36,36.0831
1,1.04965
8,8.39227
11,11.7812
3,3.19353
2,2.84753
63,63.3941
0,0.0413767
36,36.085
0,0.961022
7,7.66429
12,12.5253
3,3.20493
2,2.9086
63,63.3941
0,0.0764555
36,36.0513
0,0.977219
8,8.06562
12,12.1657
3,3.39921
2,2.65553
63,63.3936
0,0.0735745
35,36.049
0,0.949003
8,8.1484
11,12
3,3.41933
2,2.7512
63,63.3933
0,0.0588685
36,36.0714
1,1.20853
8,8.27609
11,11.6341
3,3.17662
2,2.96504
63,63.3939
0,0.0845532
36,36.0451
0,0.911785
7,7.3929
12,12.7018
2,2.82108
3,3.43358
63,63.3936
0,0.0798693
36,36.0513
1,1.17071
7,7.94498
11,11.9724
3,3.60299
2,2.56895
63,63.3942
0,0.0455926
36,36.1016
0,0.801462
7,7.53204
12,12.7851
2,2.90383
3,3.22131
63,63.3941
0,0.0737853
36,36.0769
0,0.933105
7,7.34528
12,12.7657
3,3.7949
2,2.40147
63,63.3942
0,0.0756404
36,36.0732
0,0.844886
6,6.74082
13,13.3857
3,3.18507
3,3.08588
63,63.3941
0,0.11469
35,36.0315
0,0.973606
7,7.13354
13,13.0781
3,3.29765
2,2.7584
63,63.3941
0,0.0376945
36,36.1151
0,0.910684
7,7.19039
12,12.965
3,3.75241
2,2.42042
63,63.3943
0,0.067989
35,36.0869
0,0.834445
7,7.19646
12,12.9413
5,5.47008
0,0.793698
63,63.3942
0,0.0371367
36,36.1201
0,0.631928
6,6.57907
13,13.7655
3,3.1189
3,3.13828
63,63.394
0,0.095357
36,36.0826
1,1.1209
7,7.20104
12,12.8842
3,3.56476
2,2.44074
63,63.3933
0,0.0418615
36,36.1349
0,0.930178
7,7.2299
12,12.8842
3,3.5382
2,2.63271
63,63.3941
0,0.0678716
36,36.1082
0,0.943921
7,7.13132
12,12.7915
5,5.14907
1,1.19949
63,63.3942
0,0.0378148
36,36.1408
1,1.0053
6,6.66035
13,13.2248
4,4.99949
1,1.32225
63,63.3942
0,0.0402542
36,36.1452
1,1.16231
7,7.37917
12,12.4932
3,3.49273
2,2.67789
63,63.394
0,0.0426389
36,36.1415
0,0.920844
7,7.55197
12,12.4834
3,3.98285
2,2.26832
63,63.3942
0,0.0396774
36,36.143
0,0.741143
7,7.58441
12,12.5418
5,5.37363
0,0.967673
63,63.3943
0,0.0382233
36,36.1703
0,0.930637
7,7.10125
12,12.9318
3,3.40189
2,2.81732
63,63.3942
0,0.049131
36,36.1518
0,0.820086
7,7.84842
12,12.5134
3,3.101
2,2.90655
63,63.3939
0,0.0439545
36,36.1641
1,1.16053
7,7.95033
11,11.9272
2,2.64968
3,3.49459
63,63.394
0,0.0414389
36,36.1593
0,0.927298
8,8.02889
12,12.0985
2,2.90332
3,3.23175
63,63.3939
0,0.0462739
36,36.1566
0,0.741543
7,7.52109
12,12.69
3,3.37256
2,2.86264
63,63.3939
0,0.0626153
36,36.1468
0,0.935815
8,8.37682
11,11.7765
3,3.00606
3,3.08605
63,63.3939
0,0.0414995
36,36.1869
0,0.81111
8,8.32383
11,11.9428
3,3.14251
2,2.94202
63,63.3939
0,0.0614793
36,36.1751
1,1.14353
8,8.26617
11,11.7479
2,2.90605
3,3.08974
63,63.3933
0,0.0409911
36,36.1912
0,0.818239
7,7.63512
12,12.6189
2,2.78048
3,3.3056
63,63.3939
0,0.064841
36,36.1655
0,0.920524
8,8.51484
11,12.0356
2,2.87835
2,2.80814
63,63.3915
0,0.0541307
36,36.1854
0,0.943844
8,8.53973
11,11.5719
2,2.93458
3,3.1615
63,63.3939
0,0.0420497
36,36.1982
1,1.12576
8,8.55628
11,11.3327
3,3.35806
2,2.77791
63,63.3938
0,0.040031
36,36.2013
1,1.08531
8,8.11366
11,11.8826
3,3.0275
3,3.04018
63,63.394
0,0.0952887
36,36.1684
1,1.15953
8,8.78638
11,11.0845
3,3.44055
2,2.65555
63,63.3934
0,0.0698801
36,36.2043
1,1.03236
8,8.87265
10,11.0299
3,3.51756
2,2.66419
63,63.3937
0,0.0619309
36,36.2091
0,0.871133
8,8.64622
11,11.4833
3,3.06492
3,3.05383
63,63.3939
0,0.0666675
36,36.2084
1,1.00188
8,8.0023
11,12.0068
3,3.22241
2,2.8823
63,63.3938
0,0.04849
36,36.2233
0,0.962236
8,8.7573
11,11.2311
3,3.35531
2,2.8136
63,63.3939
0,0.0428284
36,36.2449
1,1.21431
8,8.75983
10,10.9638
3,3.26754
2,2.89773
63,63.394
0,0.0652056
36,36.2215
0,0.918631
8,8.7616
11,11.2842
3,3.29373
2,2.84485
63,63.3933
0,0.0419131
36,36.2706
0,0.934091
7,7.83596
11,12.1864
4,4.10544
2,2.01654
63,63.394
0,0.0634136
36,36.2459
1,1.01417
8,8.42415
11,11.5278
4,4.3723
1,1.74285
63,63.3939
0,0.0818613
36,36.2264
1,1.03874
8,8.29925
11,11.683
3,3.04052
3,3.02057
63,63.3935
0,0.0535723
36,36.2637
0,0.896038
8,8.18054
11,11.8647
2,2.93532
3,3.19701
63,63.3939
0,0.0418957
36,36.2805
1,1.0237
7,7.55884
12,12.3852
3,3.27752
2,2.82333
63,63.3937
0,0.06806
36,36.2451
1,1.05701
7,7.92206
11,11.9628
3,3.55159
2,2.58432
63,63.3939
0,0.0425701
36,36.2739
1,1.2273
8,8.17275
11,11.5455
2,2.77691
3,3.34827
63,63.391
0,0.086772
36,36.2655
1,1.15182
7,7.783
11,12.034
2,2.79351
3,3.27576
63,63.3935
0,0.056344
36,36.2937
0,0.926298
7,7.41652
12,12.4692
2,2.80581
3,3.4231
63,63.3938
0,0.0643568
36,36.2882
1,1.03322
7,7.90136
11,11.9959
2,2.80735
3,3.30102
63,63.3939
0,0.0588368
36,36.2942
1,1.0165
7,7.60143
12,12.1864
3,3.60197
2,2.63108
63,63.3936
0,0.0549185
36,36.3188
0,0.870514
7,7.32551
12,12.4201
5,5.3982
1,1.00325
63,63.394
0,0.0470815
36,36.3223
0,0.712146
6,6.73486
13,13.1605
4,4.71898
1,1.69536
63,63.394
0,0.0383933
36,36.3305
0,0.818552
7,7.2058
12,12.8554
3,3.07387
3,3.06854
63,63.3939
0,0.0413479
36,36.3739
1,1.15436
7,7.30893
12,12.4366
2,2.62422
3,3.44859
63,63.391
0,0.0403124
36,36.3861
1,0.998344
7,7.34262
12,12.3737
4,4.43023
1,1.81975
63,63.394
0,0.0359499
36,36.3769
0,0.851996
6,6.67826
13,13.1772
2,2.78795
3,3.48253
63,63.3939
0,0.0400516
36,36.3983
0,0.95849
7,7.25022
12,12.3537
5,5.75213
0,0.638018
63,63.394
0,0.0559564
36,36.3797
0,0.932986
7,7.2837
12,12.352
6,6.14979
0,0.236813
63,63.3935
0,0.0582429
36,36.3831
0,0.731012
7,7.32728
12,12.6752
4,4.75473
1,1.46116
63,63.3938
0,0.0422217
36,36.4378
0,0.703306
6,6.81025
13,13.1914
2,2.95988
3,3.24601
63,63.3939
0,0.0556523
36,36.4328
0,0.977375
7,7.62924
12,12.0838
3,2.99835
3,3.21378
63,63.3938
0,0.0452433
36,36.4399
1,1.02569
7,7.50482
12,12.2113
3,3.477
2,2.68648
63,63.394
0,0.0462364
36,36.4341
0,0.975176
7,7.81728
11,11.9587
2,2.95198
3,3.20731
63,63.3938
0,0.0739995
36,36.4237
0,0.899557
7,7.19355
12,12.5362
3,3.29829
2,2.96573
63,63.3937
0,0.0473962
36,36.4443
1,1.08611
8,8.13417
11,11.2734
5,5.44511
0,0.960672
63,63.394
0,0.0564966
36,36.4528
0,0.973864
8,8.07932
11,11.5408
5,5.92076
0,0.366708
63,63.3939
0,0.0419284
36,36.4854
0,0.897972
8,8.10063
11,11.4556
6,6.35043
0,0.0585589
63,63.3938
0,0.0419971
36,36.4859
0,0.840101
7,7.63225
11,11.9549
6,5.99416
0,0.441406
63,63.3938
0,0.0606695
36,36.4593
1,1.12835
8,8.51361
11,11.0534
5,5.79213
0,0.382665
63,63.3934
0,0.0582926
36,36.4676
1,1.04585
8,8.50888
10,11.0362
5,5.65595
0,0.617877
63,63.3937
0,0.0423425
36,36.483
0,0.912419
8,8.45892
11,11.3619
3,3.86251
2,2.26924
63,63.394
0,0.0414612
36,36.489
0,0.843034
7,7.78007
12,12.1316
3,3.14296
2,2.96264
63,63.3938
0,0.0579274
36,36.4727
1,1.06505
8,8.49118
11,11.1638
3,3.20864
2,2.93166
63,63.394
0,0.0461295
36,36.5404
1,1.00205
8,8.52621
11,11.3114
3,3.19712
2,2.76722
63,63.3939
0,0.0420388
36,36.5514
0,0.852466
8,8.6504
11,11.1846
3,3.13078
2,2.97884
63,63.3938
0,0.0546718
36,36.5236
0,0.954203
8,8.01277
11,11.7413
2,2.80758
3,3.29678
63,63.394
0,0.0616397
36,36.5271
1,1.10327
8,8.66422
10,10.9384
3,3.05295
3,3.04329
63,63.3939
0,0.0527584
36,36.5372
0,0.98713
8,8.87124
10,10.8032
3,3.01707
3,3.12056
63,63.394
0,0.0613251
36,36.5391
0,0.981094
8,8.86245
10,10.7995
3,3.07569
3,3.07046
63,63.3933
0,0.0413273
36,36.5633
0,0.902067
8,8.10462
11,11.61
3,3.45112
2,2.71844
63,63.394
0,0.0746018
36,36.5411
1,1.11134
8,8.91778
10,10.6509
3,3.0763
3,3.01773
63,63.3934
0,0.0439986
36,36.5865
1,1.21421
8,8.74033
10,10.7068
3,3.42983
2,2.66888
63,63.394
0,0.0462302
36,36.5863
1,1.04049
8,8.51382
11,11.1131
3,3.22899
2,2.86227
63,63.3939
0,0.0437609
36,36.5945
1,1.07285
7,7.76699
11,11.8146
3,3.03101
3,3.0671
63,63.394
0,0.0535268
36,36.5799
0,0.97335
8,8.48273
11,11.2286
3,3.01761
3,3.05545
63,63.394
0,0.0428123
36,36.5861
1,1.12946
8,8.11908
11,11.4143
3,3.1574
2,2.94196
63,63.394
0,0.0536856
36,36.5799
0,0.863607
7,7.97369
11,11.7897
3,3.4841
2,2.64617
63,63.3938
0,0.0535162
36,36.6057
0,0.823785
7,7.03424
12,12.6334
3,3.24715
2,2.99357
63,63.3938
0,0.0552848
36,36.6042
0,0.928521
7,7.80622
11,11.8614
3,3.41709
2,2.71851
63,63.394
0,0.0458717
36,36.6112
0,0.770623
7,7.75681
11,12.0575
3,3.53469
2,2.6143
62,63.394
0,0.0478133
36,36.6202
0,0.788131
7,7.73958
11,12.1057
3,3.44907
2,2.6399
63,63.3939
0,0.0591059
36,36.6052
0,0.96965
6,6.98662
12,12.6632
3,3.66542
2,2.44208
63,63.394
0,0.0821765
36,36.5825
1,1.11362
7,7.57483
11,11.8515
3,3.33884
2,2.84651
63,63.3935
0,0.0666983
36,36.622
0,0.822547
7,7.39464
12,12.3259
3,3.10188
3,3.05716
63,63.3939
0,0.0463712
36,36.6447
1,1.17476
7,7.26507
12,12.0531
3,3.33945
2,2.86722
63,63.3938
0,0.0385237
36,36.6537
1,1.13754
6,6.69891
12,12.6818
3,3.12239
3,3.0586
63,63.3939
0,0.0416437
36,36.6472
0,0.75924
7,7.15059
12,12.706
3,3.46686
2,2.61796
63,63.394
0,0.0880484
36,36.5983
1,1.023
7,7.24165
12,12.2453
3,3.17064
3,3.02432
63,63.394
0,0.0369157
36,36.6542
0,0.770694
7,7.19727
12,12.5037
3,3.36853
2,2.85967
63,63.394
0,0.0491038
36,36.6481
0,0.816808
6,6.66998
12,12.9788
3,3.25288
2,2.975
63,63.3936
0,0.0618444
36,36.6442
1,1.19762
7,7.34567
11,12.0221
3,3.44249
2,2.67648
63,63.3939
0,0.0313172
36,36.6749
0,0.679562
7,7.31813
12,12.54
3,3.22802
2,2.91859
63,63.3933
0,0.0402027
36,36.6711
1,1.01279
7,7.40681
12,12.1707
3,3.25107
2,2.83806
62,63.3936
0,0.0388491
36,36.674
0,0.714493
6,6.71795
12,13.0136
3,3.37675
2,2.85521
63,63.394
0,0.07142
36,36.6464
1,1.11083
7,7.52896
11,11.9647
2,2.80716
3,3.26159
63,63.394
0,0.0425125
36,36.6719
1,0.997048
7,7.78392
11,11.8631
2,2.70908
3,3.32338
63,63.3939
0,0.0686448
36,36.6516
0,0.871166
7,7.98128
11,12.072
2,2.96696
2,2.77916
63,63.394
0,0.0650715
36,36.6647
1,1.15087
7,7.28007
11,11.9937
3,3.00078
3,3.23542
63,63.394
0,0.0433683
36,36.6886
1,1.00293
8,7.98727
11,11.6296
3,3.05234
3,2.98696
63,63.394
0,0.084625
36,36.646
1,1.07737
8,8.29013
11,11.1835
3,3.19459
2,2.91425
63,63.3937
0,0.0650895
36,36.6664
1,1.05809
8,8.30439
11,11.2302
2,2.98993
3,3.07637
63,63.3936
0,0.0597414
36,36.6763
0,0.993028
7,7.7482
11,11.8678
2,2.94745
3,3.09722
63,63.3939
0,0.0415859
36,36.6979
1,1.37732
8,8.3103
10,10.8899
2,2.95365
3,3.12014
63,63.394
0,0.055568
36,36.6836
1,1.35769
8,8.57788
10,10.6243
3,3.73688
2,2.35525
63,63.394
0,0.0734792
36,36.6727
1,1.12764
8,8.80756
10,10.6772
3,3.33174
2,2.7007
63,63.3939
0,0.0602356
36,36.6838
0,0.894981
7,7.77528
11,11.8829
3,3.54773
2,2.54604
63,63.394
0,0.0421536
36,36.6994
0,0.843745
8,8.68236
10,10.8664
3,3.30992
2,2.94689
63,63.3938
0,0.0711165
36,36.6722
1,1.21838
8,8.63279
10,10.7234
3,3.54238
2,2.53025
63,63.3933
0,0.0515457
36,36.6934
0,0.968306
8,8.75101
10,10.6703
3,3.22236
3,3.03409
63,63.3938
0,0.068693
36,36.6764
1,1.08834
7,7.96148
11,11.3639
2,2.90669
3,3.32437
63,63.393
0,0.0415457
36,36.7046
0,0.880551
8,8.8068
10,10.7475
3,3.00265
3,3.20738
63,63.3938
0,0.0466033
36,36.7038
0,0.862125
8,8.92934
10,10.5864
2,2.96661
3,3.29478
63,63.3932
0,0.0436192
36,36.7076
0,0.810721
8,8.63811
10,10.9704
2,2.86527
3,3.35516
63,63.3937
0,0.0511753
36,36.7003
0,0.877647
7,7.83971
11,11.618
3,3.1399
3,3.16353
63,63.3938
0,0.0639563
36,36.6867
1,1.17413
8,8.74545
10,10.4578
3,3.09046
3,3.17178
63,63.3933
0,0.0583446
36,36.6945
0,0.940542
8,8.80726
10,10.6733
3,3.49891
2,2.71758
63,63.3938
0,0.0670767
36,36.6856
1,1.16997
8,8.55145
10,10.7113
3,3.27687
2,2.92774
63,63.3935
0,0.0599872
36,36.6905
1,1.03564
7,7.70072
11,11.4757
2,2.24402
4,4.18436
63,63.3936
25598500,25703000,25500000,25473500,25535000,25710500,25900000,25631500,25531500,25586000,25921000,25988000,25729500,25648500,25565500,25520500,25636500,25408500,25436000,25526500,25437500,25422500,25589000,25423500,25675000,25770000,25692500,25934500,26273000,25784000,26057500,25715500,25386000,25434000,25640500,25562500,25600500,25675000,25647500,26095500,25968000,26106000,26455500,25673000,25707000,25937000,25863500,25417500,25385000,25596000,25459500,25558000,25700000,25530000,25447000,25415500,25385000,25470000,25604500,25506000,25461500,25385000,25338000,25453000,25463000,25340500,25569500,25578000,25452500,25484500,25643500,25649500,25671000,25598500,26062500,25901000,26197000,25683000,25474500,25958500,26091500,26082000,26071000,25843500,25644000,25334500,25403500,25365000,25441000,25448000,25671500,25763500,25385500,25386500,25396000,25479000,25453500,25621000,25609000,25948000,26087000,26086500,26030000,25716500,26066000,26028000,26189500,26363500,25804000,25675000,25764500,26185000,25398000,25378000,25940000,25947000,25671000,26396000,25966500,25568000,25452500,25460000,25864500,25509000,25422500,25421500,25440500,25539500,25641000,25636500,25664500,25568000,25588000,25533000,25852500,25655000,25385500,25887500,25900500,25669500,25626000,25665000,25656500,25677000,25429500,25657500,25494500,25636500,25592500,25486500,25220000,25473000,25802500,25724000,25498500,25180500,25510000,26357000,25836500,25894500,25667500,25870000,25662500,25624000,25654000,25458000,25468500,25684000,26113500,25689000,25903000,25844500,25829000,25631500,25567000,25644000,25644000,25586500,25760500,25620500,25720000,25281500,25254500,25437000,25667500,25653000,25572000,25579500,25546000,25604500,25720500,25703000,25611500,25605500,25543500,25483500,25305500,25452500,25746000,25745000,25655500,25202000,25180000,25373000,25533000,25737500,26047000,26148500,25997000,26030500,26037000,25627000,25458000,25886000,25435500,25614500,25807000,25710000,25630500,25660500,25733000,25714000,25772000,25688000,25338500,25156500,25224500,25263500,25228000,25168000,25181000,25905500,26236500,26319000,25880000,25758500,25765500,25741000,25813500,25702500,25761000,25743500,25889000,26131000,25783500,25766000,25713000,25471500,25476000,25459000,25537000,25259500,25314000,25434000,25547500,25729500,25776000,25898000,26393500,26114500,25945500,26080500,25974000,26092500,26059500,25948000,25616500,25738500,26040500,25442000,25490000,25479500,25655000,25677500,25799500,25688000,25474500,25441000,25864000,25467500,25485000,25527000,25683000,25685500,25686000,25684000,25728000,25700000,25750500,25695500,25670500,25649500,25681500,25722000,25643000,25653500,25644500,25661000,25669500,16618500
