# cached file
# ranks cached-file(no-compression compression) SDD(no-compression compression)
# Mantid 3.3 17.5 5.1 20.5
 1 9.00 28.12 10.00 30.46
 2 4.84 17.29 5.68  18.37
 3 4.62 11.32 4.98  12.79
 4 3.44 9.32  4.04  10.17
 5 3.06 7.61  3.53  8.41 
 6 2.48 6.80  2.98  7.72 
 7 2.29 5.99  2.85  6.79 
 8 2.00 5.45  2.76  5.81 
 9 2.04 5.33  2.52  5.54 
10 1.88 4.72  2.35  5.16 
11 1.82 5.03  2.35  5.38 
12 2.03 7.77  2.64  8.61 
13 3.01 7.45  3.31  7.65 
14 3.06 7.14  3.11  7.38 
15 3.03 6.50  3.21  6.92 
16 3.03 7.21  2.74  7.03 
17 2.58 4.87  2.86  5.33 
18 2.86 4.94  2.99  5.20 
19 3.04 6.19  2.79  6.37 
20 2.76 5.05  2.90  5.33 
21 2.70 6.40  2.99  7.10 
22 2.58 6.70  2.73  6.95 
23 2.72 6.49  3.10  7.06 
24 2.90 6.62  3.13  6.99 
